2.75
3
2.75
3
2.75
2.75
2.25
2.25
2.75
2.75
2.75
2.75
2.75
2.75
3
2.75
3
3
3
2.75
3.25
2.5
3
2.75
3
2.75
2.5
3
2.75
2.5
3
2.5
2.5
2.5
2.75
2.5
2.5
3
3
3.25
2.25
2.75
2.5
2.75
2.5
2.5
2.5
2.5
2.75
2.75
2.75
2.75
2.75
2.75
3
3
2.75
2.75
3
3
2.5
2.75
2.75
2.75
2.5
3
2.75
2.75
2.75
2.5
2.75
3
3
2.75
3
2.75
3
2.5
2.75
3
3
2.5
3
3
3
3
2.5
3
2.5
3
2.5
3
2.5
2.75
2.5
2.5
3
2.75
2.75
2.75
3
3
2.75
3
2.75
2.5
3
2.75
3
3
2.25
2.5
2.75
3
2.5
2.5
2.75
2.5
3
3.25
2.25
2.5
2
2.75
2.5
2.75
2.75
2.5
2.75
2.5
3
3
3
2
2.5
2.5
2.25
2.5
3
2.5
3.25
3.25
2.5
2.5
2.75
2.5
2.5
3
3
2.25
2.75
2.5
2.75
2.5
3
2.75
3
3
3
2.5
2.75
2.5
3
2.75
2.5
3
2.75
2.75
3
3
3
2.75
2.75
2.5
2.75
3
2.75
3
3
2.25
2.5
2.5
2.5
3
2
2.75
3.25
2.5
2.75
2.25
2
2.75
2.75
2.5
2
3
2
2.75
2.75
3.5
2.75