ply
format ascii 1.0
comment Created by Open3D
element vertex 1305
property double x
property double y
property double z
element face 2406
property list uchar uint vertex_indices
end_header
0.000155469 -0.000320213 -0.000954523
0.000145781 -0.000306108 -0.000958087
0.000168517 -0.00033204 -0.000946115
0.000166798 -0.000331306 -0.000947549
0.000172849 -0.00033377 -0.00094205
0.000136129 -0.000309293 -0.000945623
0.000138468 -0.000320448 -0.000943436
0.000163975 -0.000328204 -0.000949924
0.000151081 -0.000325797 -0.000950736
0.000151216 -0.000321987 -0.00095286
0.00013878 -0.000307666 -0.000949942
0.000140604 -0.000306767 -0.000952529
0.00015376 -0.000318393 -0.000955224
0.000155833 -0.0003206 -0.000954374
0.000165289 -0.000336179 -0.000946155
0.000154841 -0.000335571 -0.000947768
0.00015928 -0.00035364 -0.000945062
0.000161106 -0.000358469 -0.000942893
0.00017171 -0.000349304 -0.000936332
0.000175761 -0.000345327 -0.000932316
0.000178359 -0.000333306 -0.000935172
0.00018501 -0.000343077 -0.000924022
0.000135461 -0.000319563 -0.000939497
0.000132859 -0.000311985 -0.0009391
0.000138689 -0.000324321 -0.000941916
0.000145459 -0.000325932 -0.000947722
0.000159721 -0.000331295 -0.000949317
0.00016937 -0.000337136 -0.000943631
0.000156943 -0.000367091 -0.000942689
0.000154563 -0.000361399 -0.000944194
0.000136084 -0.000335594 -0.000935586
0.000134622 -0.000329019 -0.000935913
0.000141871 -0.000332579 -0.000942235
0.000147562 -0.000351129 -0.000944517
0.000141362 -0.000348073 -0.000940646
0.000140565 -0.000340363 -0.000940493
0.00016047 -0.000364383 -0.000941639
0.000166735 -0.000358338 -0.000939689
0.000172462 -0.000353347 -0.000934661
0.000181929 -0.000356437 -0.000924635
0.000188074 -0.000363909 -0.000917515
0.000195566 -0.000349311 -0.000913383
0.000129776 -0.000317086 -0.000932889
0.000131008 -0.00031351 -0.000935407
0.000145871 -0.000348479 -0.000944107
0.00014765 -0.000337486 -0.000945487
0.000189806 -0.000345902 -0.000919149
0.000124467 -0.000320871 -0.000925318
0.000138402 -0.00035945 -0.000936705
0.000134647 -0.000348746 -0.000933455
0.000146096 -0.000362413 -0.000941905
0.000133858 -0.000341474 -0.000932366
0.000161362 -0.000368965 -0.000940684
0.000175748 -0.000378508 -0.000928262
0.000177909 -0.000372873 -0.000927152
0.000194492 -0.000364418 -0.000911099
0.000202738 -0.000361459 -0.000906097
0.000201694 -0.000353138 -0.000908085
0.00012451 -0.000320861 -0.000925375
0.000169544 -0.00036675 -0.000936333
0.0001796 -0.00036673 -0.000926219
0.000117628 -0.000335049 -0.00091405
0.000116134 -0.000326418 -0.000914251
0.000125358 -0.00035655 -0.00092157
0.000137334 -0.000373623 -0.000936748
0.000134696 -0.000366415 -0.000933465
0.000146713 -0.000371414 -0.00094237
0.000147528 -0.000379266 -0.000943095
0.000156912 -0.000384807 -0.000942128
0.000122516 -0.000344654 -0.000918257
0.000128931 -0.000348255 -0.00092603
0.000162401 -0.00038193 -0.00093979
0.000174454 -0.000389389 -0.000928247
0.000181962 -0.000386822 -0.000918727
0.000188791 -0.000377834 -0.000913202
0.000193429 -0.000384778 -0.000909099
0.000201556 -0.000380327 -0.000904699
0.000206921 -0.000370746 -0.000902275
0.000210996 -0.000360286 -0.000900624
0.000206223 -0.000359282 -0.000904116
0.000120578 -0.00032316 -0.000920124
0.000195997 -0.00037105 -0.000909272
0.000201752 -0.000372532 -0.000905355
0.000149858 -0.000390825 -0.000941834
0.00014143 -0.000401806 -0.00093582
0.000158427 -0.000408045 -0.00093865
0.000163796 -0.000391458 -0.000939833
0.000167697 -0.000398471 -0.000936234
0.000111499 -0.000334062 -0.000907182
0.000114586 -0.000345883 -0.000909392
0.000124603 -0.000368129 -0.000922124
0.000190028 -0.000394308 -0.000909137
0.000219347 -0.00037865 -0.000892443
0.000218423 -0.000367962 -0.000894961
0.000115364 -0.000328317 -0.000912927
0.000136799 -0.000399819 -0.000931247
0.000133965 -0.00038362 -0.000932693
0.000180584 -0.000399819 -0.000918288
0.000180847 -0.000409177 -0.000918045
0.000187079 -0.000399794 -0.000910714
9.97683e-05 -0.00034576 -0.000896274
0.000103939 -0.000341794 -0.000899255
0.00010756 -0.000360238 -0.000900745
0.000114296 -0.000362729 -0.000908401
0.000119354 -0.000357612 -0.000913911
0.000200623 -0.000399121 -0.000901408
0.000210655 -0.000387548 -0.000896617
0.000214614 -0.000396793 -0.000891748
0.000219664 -0.000387084 -0.000890718
0.000228528 -0.000383249 -0.000886157
0.000226072 -0.000377623 -0.000888578
0.000126288 -0.000403036 -0.000918122
0.000123461 -0.000382477 -0.000918902
0.000135173 -0.000417601 -0.000926179
0.000146481 -0.000415887 -0.000935693
0.000148788 -0.000412887 -0.000937127
0.000169634 -0.000416866 -0.000932419
0.000169869 -0.000426464 -0.000928418
0.000181666 -0.000422227 -0.000915333
0.000186786 -0.000409449 -0.000910631
0.000194578 -0.000405094 -0.000904317
9.14303e-05 -0.000369057 -0.000885481
9.05992e-05 -0.000354304 -0.000886811
0.000100189 -0.000377275 -0.000892792
0.000111611 -0.000378698 -0.0009041
0.000119533 -0.000378145 -0.000913777
0.000117046 -0.000368707 -0.000911636
0.000202407 -0.000404666 -0.000898828
0.00023237 -0.000390724 -0.000882858
0.000238673 -0.000392254 -0.000878968
0.00017307 -0.000407556 -0.000930704
0.000102993 -0.000363078 -0.000896478
0.000108891 -0.000391447 -0.000899457
0.0001403 -0.000423718 -0.000930439
0.000149403 -0.000424533 -0.00093548
0.000130181 -0.000410298 -0.000921225
0.000122576 -0.000403985 -0.000913375
0.000114603 -0.000394696 -0.000904885
0.000130176 -0.000417914 -0.000920359
0.00015274 -0.000423279 -0.000936196
0.000160305 -0.000432103 -0.000934592
0.000172313 -0.000433873 -0.000923208
0.000177334 -0.000432163 -0.000918416
0.000186666 -0.000432545 -0.000910784
0.000185884 -0.000422153 -0.000911271
0.000198284 -0.00041958 -0.000901536
8.94734e-05 -0.000379865 -0.000882453
7.88362e-05 -0.000365908 -0.00087603
9.45087e-05 -0.0003867 -0.000886536
0.000204226 -0.000421976 -0.000897713
0.000211168 -0.000420413 -0.00089254
0.00022295 -0.000411908 -0.000886178
0.000221834 -0.00040354 -0.000887942
0.000230033 -0.00040189 -0.000883738
0.000239667 -0.00040154 -0.000877514
0.000241825 -0.000393019 -0.000877023
0.000164068 -0.000423938 -0.000934004
0.00010083 -0.000393068 -0.000891841
0.000132241 -0.000442036 -0.000925262
0.00014037 -0.000445247 -0.000930609
0.000115588 -0.000420293 -0.000903577
0.000167083 -0.000442485 -0.000928978
0.000172833 -0.000441428 -0.000923171
0.000156516 -0.000445871 -0.000934117
0.000162681 -0.000443144 -0.000931719
0.000178694 -0.000439606 -0.000917506
0.000183219 -0.000438454 -0.000913934
0.000191932 -0.000433136 -0.000906003
7.61266e-05 -0.000371608 -0.000873175
0.000210291 -0.000427771 -0.000893482
0.000217459 -0.000424112 -0.000888658
0.000225282 -0.000423568 -0.000885077
0.000233941 -0.000410797 -0.000880448
0.000248927 -0.000400286 -0.000871539
0.000252322 -0.000410037 -0.000867877
0.000151531 -0.000434986 -0.000934519
0.000107553 -0.000419892 -0.00089643
9.99185e-05 -0.000404751 -0.00089102
9.08238e-05 -0.000401796 -0.000883359
8.33838e-05 -0.000389334 -0.000877124
0.000124845 -0.000435006 -0.000915354
0.000119909 -0.000426511 -0.000908868
0.00013536 -0.000454016 -0.000929045
0.000123005 -0.000452429 -0.000917398
0.000142581 -0.000454501 -0.000932846
0.000168812 -0.000451694 -0.00092853
0.000177833 -0.00045884 -0.000919863
0.000185456 -0.000442616 -0.000911962
6.70044e-05 -0.000382112 -0.000865517
0.000207057 -0.00045278 -0.000891829
0.000204882 -0.000437105 -0.000895248
0.000215073 -0.000442957 -0.000888797
0.000224109 -0.000439774 -0.000884356
0.00023123 -0.000435508 -0.000881209
0.000234181 -0.000420176 -0.000880465
0.000245734 -0.000422126 -0.000871084
0.000257101 -0.000425742 -0.0008637
0.000257046 -0.000415083 -0.000864508
0.000260255 -0.000419092 -0.000862216
0.000176031 -0.000447974 -0.000921178
9.36115e-05 -0.000420308 -0.000886352
7.87664e-05 -0.000398141 -0.000874254
0.00012507 -0.000472175 -0.00092035
0.000120078 -0.000466815 -0.000915041
0.000142651 -0.000475962 -0.000932404
0.000155596 -0.000486228 -0.000932972
0.000157878 -0.000472976 -0.000935279
0.000165276 -0.000476744 -0.000931158
0.000175526 -0.000469489 -0.00092334
0.000184097 -0.00047633 -0.000913064
0.000189135 -0.000472288 -0.000908028
0.000192128 -0.000473117 -0.00090493
0.000117558 -0.00044796 -0.000910349
0.000107884 -0.00044128 -0.000900013
0.000193099 -0.000457383 -0.000904972
0.000200843 -0.000476407 -0.000895522
0.000215815 -0.000451374 -0.000887183
0.000247915 -0.000435944 -0.000868923
0.000258396 -0.000433093 -0.000862394
0.000128225 -0.000462815 -0.000923646
0.000134262 -0.000469318 -0.000927965
0.000142333 -0.000465357 -0.000933032
0.000153438 -0.0004583 -0.000935548
0.000167917 -0.000464657 -0.000931117
0.00018797 -0.000466148 -0.000909985
9.23102e-05 -0.000438215 -0.000887146
8.54982e-05 -0.000423872 -0.000880308
6.76883e-05 -0.000390178 -0.000865906
8.56376e-05 -0.0004113 -0.000879906
0.000116964 -0.000466565 -0.000910813
0.000127933 -0.000494572 -0.000916407
0.000138003 -0.000491662 -0.000926301
0.000145763 -0.000491142 -0.000931475
0.000162988 -0.000492588 -0.000928772
0.000169455 -0.000484852 -0.000926858
0.000177948 -0.000486875 -0.000917493
0.000184533 -0.000485579 -0.000910062
0.000186079 -0.000480722 -0.000909627
0.000194818 -0.000479539 -0.000900571
0.000110752 -0.000457324 -0.000904263
0.000217418 -0.000465636 -0.000884969
0.000229557 -0.000456491 -0.000879616
0.00024534 -0.000448719 -0.00087041
0.000251709 -0.000442645 -0.000866168
0.000262584 -0.000434748 -0.000859967
0.000269384 -0.000428274 -0.000856179
0.000266861 -0.000426837 -0.000857608
0.000264858 -0.000424844 -0.000858928
9.55808e-05 -0.000453111 -0.00088947
7.43299e-05 -0.000416779 -0.000871024
7.23853e-05 -0.000424987 -0.000869498
7.71659e-05 -0.00040924 -0.000873337
6.05649e-05 -0.000389265 -0.000860199
6.73382e-05 -0.000402004 -0.000865363
6.59608e-05 -0.000396122 -0.000863875
0.000122609 -0.000504968 -0.000905796
0.000137702 -0.000509964 -0.000921996
0.000107188 -0.000485374 -0.000892215
0.000107178 -0.000477433 -0.000894613
0.000104669 -0.000466037 -0.000895398
9.60565e-05 -0.00046381 -0.000887275
0.00014566 -0.000521506 -0.000922471
0.000151074 -0.000502507 -0.000929729
0.000161027 -0.000508437 -0.00092559
0.000175999 -0.000495483 -0.000915597
0.00016654 -0.000510074 -0.000920404
0.000177672 -0.000500303 -0.000911068
0.000195101 -0.000488154 -0.000897215
0.000188416 -0.000487908 -0.000905074
0.000196728 -0.000493425 -0.000892483
0.000209844 -0.000488257 -0.000885746
0.000220738 -0.000483363 -0.000879225
0.000228597 -0.000471966 -0.000877325
0.000235229 -0.000469699 -0.00087413
0.000243468 -0.000463389 -0.000870753
0.000250684 -0.0004663 -0.000864551
0.000262217 -0.00045885 -0.000858047
0.000265378 -0.000445798 -0.000857526
0.000272555 -0.000445983 -0.000853584
0.000279671 -0.000434131 -0.000850351
0.00011454 -0.000479782 -0.000905057
0.000205518 -0.00048315 -0.000889572
0.000221774 -0.0004746 -0.000880613
0.000259939 -0.000444905 -0.000860574
8.56129e-05 -0.000465494 -0.00087444
5.67879e-05 -0.00039329 -0.000856599
6.17905e-05 -0.000420059 -0.000861023
8.0523e-05 -0.000440039 -0.000876127
5.67111e-05 -0.000432439 -0.000856042
7.98074e-05 -0.000458704 -0.000869158
5.81795e-05 -0.000404588 -0.000857722
0.000117672 -0.000509189 -0.00089786
0.000110231 -0.000503686 -0.000891359
0.000128922 -0.000525201 -0.000908042
0.000134877 -0.000527218 -0.000914454
9.55759e-05 -0.00048 -0.000881771
0.000143709 -0.000540667 -0.000912481
0.000150356 -0.000528703 -0.000919184
0.000160633 -0.000530855 -0.000915881
0.000173284 -0.000522164 -0.000906329
0.000165245 -0.000534426 -0.00091108
0.000178857 -0.000527189 -0.000898288
0.00019296 -0.000515901 -0.000888355
0.000200558 -0.00051283 -0.000884558
0.000208738 -0.000502159 -0.000883939
0.000209268 -0.000512383 -0.000879943
0.000221601 -0.000510162 -0.000872589
0.000229446 -0.000501839 -0.000869111
0.000242415 -0.000484538 -0.000865242
0.000249652 -0.000474108 -0.000863526
0.00026271 -0.000470081 -0.00085643
0.0002699 -0.000468305 -0.000852662
0.000278108 -0.000463458 -0.000849158
0.000129375 -0.000514549 -0.000911615
0.000169153 -0.000518362 -0.00091302
0.000209013 -0.000492626 -0.000886392
0.0002206 -0.000501259 -0.00087485
0.000219913 -0.000490315 -0.000878481
0.000229837 -0.000487301 -0.000872965
0.000238168 -0.000477218 -0.000870906
0.000274167 -0.000456335 -0.000851737
0.000288288 -0.000449004 -0.000844492
0.000132874 -0.000539079 -0.000907828
0.000126754 -0.000544437 -0.000900222
0.000125475 -0.000529821 -0.000902284
0.000148576 -0.000548036 -0.000912051
0.000169085 -0.000540268 -0.000907418
0.000178692 -0.000551454 -0.000895945
0.000189891 -0.000550429 -0.000884363
0.000184444 -0.000548974 -0.000889461
0.000184384 -0.000542583 -0.00088907
0.000192998 -0.000554743 -0.000882683
0.00020658 -0.000546718 -0.000872444
0.000215864 -0.000550825 -0.000865128
0.00022076 -0.000545375 -0.000863527
0.000229016 -0.000542973 -0.000859997
4.57402e-05 -0.000405943 -0.000848055
5.37881e-05 -0.000421848 -0.000854425
4.72757e-05 -0.000399552 -0.00084913
0.000100572 -0.000494163 -0.000884044
0.00010312 -0.000509234 -0.000882874
0.000118579 -0.000522795 -0.000894632
0.000112368 -0.000517469 -0.00088922
8.75296e-05 -0.000483434 -0.000872603
0.000229216 -0.000526816 -0.000864533
0.000226013 -0.000524605 -0.000866679
0.000230727 -0.000531388 -0.000862451
0.000244514 -0.000534631 -0.000854909
0.00023077 -0.000521289 -0.000864465
0.000240407 -0.000525324 -0.000858592
0.000258432 -0.000520355 -0.000849336
0.000261182 -0.000509156 -0.000848847
0.00026628 -0.000501176 -0.000847077
0.000276014 -0.000494275 -0.000843593
0.000284518 -0.000503272 -0.000837304
0.000287438 -0.000493197 -0.000838325
0.000290205 -0.000491637 -0.000836871
0.000300786 -0.00049075 -0.000829785
0.000292033 -0.00048739 -0.000836624
0.00031104 -0.000484261 -0.000825536
0.000311305 -0.00046865 -0.000828617
0.000176642 -0.000537617 -0.000898857
0.000191605 -0.000542567 -0.000881749
0.000199869 -0.000540956 -0.000877241
0.000209325 -0.000540395 -0.000871396
0.000218985 -0.000538815 -0.000865939
0.000182637 -0.00053431 -0.000891551
0.00019218 -0.000533936 -0.00088339
0.000203556 -0.000523984 -0.000879387
0.000219429 -0.00052579 -0.000869792
0.000214794 -0.000517693 -0.000874023
0.00023577 -0.00050767 -0.000863206
0.000249556 -0.000501151 -0.000855553
0.000242657 -0.00049199 -0.000861446
0.000252271 -0.00048539 -0.000858607
0.000261631 -0.000493106 -0.000851379
0.000259004 -0.000477475 -0.000857279
0.000270425 -0.00048805 -0.000848132
0.000281583 -0.000488458 -0.000842463
0.000283929 -0.000472239 -0.000844356
0.000134922 -0.000555635 -0.000905415
0.00011875 -0.000541275 -0.000891664
0.000111714 -0.000528089 -0.000885774
0.000150715 -0.000575721 -0.000902284
0.000143052 -0.000573752 -0.000902034
0.000155376 -0.000572746 -0.000904006
0.000181911 -0.000588033 -0.000883978
0.000164727 -0.000568942 -0.000902939
0.00018243 -0.0005828 -0.000884673
0.000178247 -0.000580472 -0.000889607
0.000175809 -0.000570696 -0.000894637
0.000142346 -0.000558252 -0.000908358
0.000165867 -0.000552151 -0.000908518
0.000183412 -0.000563731 -0.000888785
0.000180569 -0.000561859 -0.000891988
0.000185908 -0.000588317 -0.000880384
0.000204611 -0.000577426 -0.000867755
0.000214827 -0.000579968 -0.000860057
0.000226381 -0.000567546 -0.000857022
0.000219407 -0.000562323 -0.000861578
0.00023432 -0.000563015 -0.000854289
0.000244369 -0.000552465 -0.000851826
0.000249833 -0.000565197 -0.000846204
0.000250981 -0.00055624 -0.000848113
0.000259683 -0.000557606 -0.000843734
0.000265784 -0.000558584 -0.00084086
0.000261346 -0.000542868 -0.000844898
9.16168e-05 -0.000500528 -0.000873196
7.13935e-05 -0.000467851 -0.000857627
5.87969e-05 -0.00044418 -0.000855353
4.00362e-05 -0.000411528 -0.000843694
3.83264e-05 -0.000412318 -0.00084239
0.000108256 -0.000524995 -0.000883024
9.9571e-05 -0.000525262 -0.000874981
0.000268572 -0.000532241 -0.000842358
0.000277523 -0.000546368 -0.000836831
0.000283664 -0.000529003 -0.000833862
0.00028478 -0.000524017 -0.000834583
0.000287552 -0.000517383 -0.000834384
0.000285363 -0.000510863 -0.000836104
0.000289178 -0.000504022 -0.000834756
0.000305888 -0.000503387 -0.000825979
0.00031206 -0.00050534 -0.000822466
0.000318812 -0.00049589 -0.000820024
0.000321525 -0.000482051 -0.000820589
0.000184285 -0.000572248 -0.000885876
0.000150584 -0.000564079 -0.000907465
0.000157952 -0.00055412 -0.000910109
0.000197024 -0.000566703 -0.000876453
0.000209681 -0.000569699 -0.000864992
0.000208166 -0.000560644 -0.000869132
0.000191324 -0.000563178 -0.000882409
0.00020165 -0.000557446 -0.000875547
0.00023333 -0.000550271 -0.000856622
0.000237331 -0.00054323 -0.000856684
0.000254975 -0.000535847 -0.000848282
0.000269665 -0.000520593 -0.000842317
0.000278621 -0.000504764 -0.000840005
0.000320152 -0.000479198 -0.000821807
0.000316406 -0.000471876 -0.000825175
0.000130736 -0.000575203 -0.000889143
0.000122156 -0.000560689 -0.000889286
9.39725e-05 -0.000532594 -0.000868379
0.000105808 -0.000542702 -0.000878519
0.000137305 -0.000583471 -0.000892032
0.00015239 -0.000592692 -0.000892359
0.000156234 -0.000585949 -0.000897911
0.000166267 -0.000582152 -0.000898132
0.00018164 -0.000600739 -0.000880934
0.000170901 -0.000596767 -0.000888379
0.000186589 -0.000598745 -0.000877362
0.000221846 -0.000596211 -0.000853611
0.000233721 -0.000608299 -0.000846049
0.000233347 -0.000597456 -0.000846685
0.000203747 -0.000602379 -0.000864407
0.000214717 -0.000603225 -0.000857197
0.000250654 -0.000597813 -0.00083918
0.000232437 -0.000586233 -0.000848252
0.000253833 -0.000590208 -0.000839591
0.000262335 -0.000577879 -0.000837846
0.000273767 -0.000577065 -0.000831734
0.000264237 -0.000571609 -0.000838179
0.000280463 -0.000565439 -0.000831155
0.00028554 -0.000558026 -0.000830877
0.000294066 -0.000564394 -0.000823598
0.000292482 -0.000541054 -0.000826737
0.000502196 -0.000723257 -0.000819369
0.000501592 -0.000722545 -0.000819248
0.000503473 -0.000722311 -0.000818759
8.94201e-05 -0.000514937 -0.000867436
7.70308e-05 -0.000499072 -0.000856448
5.48701e-05 -0.000465472 -0.000844983
6.41304e-05 -0.000489536 -0.000846558
4.62997e-05 -0.000430998 -0.000846369
3.64952e-05 -0.000413164 -0.000840994
4.60107e-05 -0.000445088 -0.000843359
0.000298457 -0.000535521 -0.000824306
0.000301444 -0.000514518 -0.000826402
0.000307569 -0.000518688 -0.0008224
0.000319928 -0.000518272 -0.000815189
0.000324092 -0.000508352 -0.000815123
0.000339423 -0.000489286 -0.000810004
0.000130466 -0.000566446 -0.000894961
0.000178301 -0.00059037 -0.000886578
0.000196342 -0.000589979 -0.000871892
0.000214794 -0.000586177 -0.000859476
0.000225024 -0.000577244 -0.000854414
0.000239337 -0.00057101 -0.00085009
0.000244901 -0.000582732 -0.000844749
0.000250384 -0.000571804 -0.000844156
0.0002648 -0.000564265 -0.00083952
0.000270261 -0.000561387 -0.000837505
0.000292909 -0.000518402 -0.00083083
0.000294436 -0.000508098 -0.00083134
0.000308832 -0.000505044 -0.000824281
0.000325311 -0.000485943 -0.000817956
8.34177e-05 -0.000538049 -0.000855167
7.52599e-05 -0.000534678 -0.000848091
0.00017049 -0.000621692 -0.000873981
0.000158432 -0.000614959 -0.000880182
0.000178925 -0.000626261 -0.000871531
0.000151446 -0.000602632 -0.000886863
0.000126305 -0.000580117 -0.000881668
0.000115075 -0.000567364 -0.000880139
9.61356e-05 -0.000545791 -0.000867563
0.000106712 -0.000553835 -0.000877051
0.000137467 -0.000603867 -0.000880425
0.000130904 -0.000596417 -0.000879009
0.000181749 -0.000614449 -0.000875336
0.000187255 -0.000620849 -0.000871249
0.000205792 -0.000618181 -0.000861759
0.000203824 -0.000613645 -0.000863126
0.000219478 -0.00062687 -0.000852842
0.000232812 -0.000620652 -0.000844664
0.000236771 -0.00063331 -0.000838667
0.000215737 -0.000613128 -0.000856755
0.000212497 -0.000610769 -0.000858448
0.00024078 -0.00062538 -0.000838508
0.000249443 -0.000625344 -0.000834109
0.000258437 -0.000621698 -0.000831338
0.000254646 -0.000604283 -0.00083592
0.000259039 -0.00060771 -0.000833048
0.000263328 -0.000614924 -0.000830134
0.00026794 -0.00060355 -0.000830186
0.000278794 -0.000591163 -0.000826606
0.00028499 -0.000581941 -0.000825793
0.000284197 -0.00059399 -0.000824399
0.000293417 -0.000588045 -0.000822255
0.000289832 -0.000577839 -0.000824189
0.000294872 -0.00057893 -0.00082235
0.000300047 -0.000571066 -0.000821088
0.000309633 -0.000568811 -0.000816901
0.000315796 -0.000555647 -0.000814371
0.000322214 -0.000558458 -0.000810266
0.000473137 -0.000741394 -0.000824525
0.000469596 -0.000727048 -0.000819784
0.000480624 -0.000741784 -0.000827005
0.000453266 -0.000720365 -0.000815411
0.000457818 -0.000728329 -0.000817482
0.000450062 -0.00070988 -0.000812342
0.00045081 -0.000704338 -0.000810857
0.000462137 -0.000714558 -0.000815304
0.00046498 -0.000706118 -0.000813354
0.000466898 -0.000720586 -0.000816953
0.000474525 -0.000716051 -0.000815912
0.000466211 -0.000704928 -0.000813109
0.000483094 -0.000717022 -0.000817266
0.000477881 -0.000711564 -0.000814733
0.000456086 -0.000692882 -0.000808773
0.000460006 -0.000688609 -0.000808507
0.000472383 -0.000709723 -0.000814323
0.000503748 -0.000741529 -0.000826011
0.000508333 -0.000719687 -0.000816782
0.000505801 -0.000728224 -0.000820469
0.000508829 -0.000724338 -0.000818316
0.000508448 -0.000727847 -0.000819704
0.000509384 -0.000727338 -0.000819274
0.00049439 -0.000705594 -0.000813288
0.000492212 -0.000697641 -0.000810632
0.000453453 -0.000676383 -0.000805248
0.000444303 -0.000674677 -0.000803834
0.000462231 -0.000680855 -0.000806873
0.000462225 -0.000675143 -0.000805266
0.000469271 -0.000664014 -0.000801813
0.000472285 -0.00066571 -0.000802117
7.08894e-05 -0.000511495 -0.000847982
4.84101e-05 -0.000469252 -0.000838163
3.46289e-05 -0.000457063 -0.000831021
3.55579e-05 -0.000445366 -0.000834512
3.81643e-05 -0.000433108 -0.000838406
2.79425e-05 -0.000424658 -0.00083219
0.000342538 -0.000551635 -0.000801528
0.000333216 -0.00054086 -0.000806223
0.000324751 -0.000532472 -0.00081197
0.000343329 -0.00052861 -0.000801968
0.000347277 -0.000520308 -0.000800928
0.000353667 -0.000511551 -0.000799596
0.000166799 -0.000614934 -0.000878776
0.000162093 -0.000601122 -0.000888075
0.000174393 -0.000605041 -0.000883365
0.000194094 -0.000609675 -0.000868815
0.000186652 -0.000610957 -0.000874113
0.000223596 -0.000617006 -0.000851924
0.000220998 -0.000606091 -0.000853679
0.0002415 -0.000620538 -0.000839435
0.000243107 -0.000615666 -0.000839947
0.000251217 -0.000616414 -0.000835671
0.00024179 -0.000604018 -0.000842421
0.000260218 -0.000596684 -0.000834988
0.000266368 -0.000594912 -0.000832056
0.000300405 -0.000559168 -0.000820794
0.000304731 -0.000563272 -0.000818785
0.000305726 -0.000551891 -0.000819345
0.000485075 -0.000726467 -0.0008226
0.000489094 -0.000743071 -0.000828226
0.000495129 -0.000731817 -0.000823796
0.000492563 -0.000716223 -0.000817635
0.000492737 -0.000713159 -0.000816362
0.000467008 -0.00070353 -0.000812804
0.000482113 -0.00069685 -0.000810982
0.00048744 -0.000708369 -0.000813945
0.000489293 -0.000690024 -0.000808426
0.00049675 -0.000743372 -0.000827711
0.000501106 -0.00071975 -0.000818383
0.000501126 -0.000710816 -0.000815094
0.000504958 -0.000714789 -0.000815834
0.00049712 -0.00070771 -0.00081402
0.000474436 -0.000674082 -0.00080456
0.000307026 -0.000526128 -0.000822084
0.000311793 -0.000533106 -0.000819053
0.000334009 -0.000522701 -0.000807689
0.000351795 -0.000509667 -0.000800732
8.09421e-05 -0.00055128 -0.000849326
7.12238e-05 -0.00052437 -0.000846026
0.000123818 -0.00059828 -0.000870686
0.00015151 -0.00063098 -0.000870019
0.000173654 -0.000644059 -0.000864631
0.000162421 -0.000640269 -0.000866236
0.000177681 -0.000644966 -0.000863555
0.000146362 -0.000616659 -0.000878325
0.000147584 -0.000623993 -0.000873731
0.000133592 -0.000623075 -0.000868769
0.000105825 -0.000568533 -0.000871099
0.000117478 -0.000582821 -0.000871581
0.000358303 -0.000674652 -0.000809444
0.000360005 -0.000666838 -0.000808431
0.000379034 -0.000676258 -0.000809104
0.000392176 -0.000686599 -0.000808149
0.000190606 -0.000638955 -0.000862205
0.000191874 -0.000643819 -0.000859553
0.000205443 -0.000643814 -0.000855224
0.000229865 -0.000642207 -0.000840057
0.000216659 -0.00064345 -0.000848296
0.000232524 -0.000648501 -0.000837423
0.0002484 -0.000637978 -0.000830754
0.000262623 -0.00063237 -0.000828016
0.000275715 -0.000633541 -0.000823074
0.000280405 -0.00061576 -0.000823671
0.000287526 -0.000642375 -0.000818035
0.000285487 -0.000639929 -0.000818779
0.000292346 -0.000611542 -0.000819778
0.000303397 -0.000608065 -0.000815871
0.000312454 -0.000608487 -0.000813988
0.00033412 -0.000621204 -0.000810214
0.000322775 -0.00061429 -0.000812118
0.000352419 -0.000665278 -0.000809184
0.000333831 -0.000650098 -0.000809997
0.000338563 -0.000636075 -0.000809618
0.000349869 -0.000643933 -0.000807783
0.000356564 -0.00064156 -0.000808161
0.000369015 -0.000652475 -0.000806269
0.000342202 -0.000623022 -0.000808193
0.00035618 -0.000630969 -0.000808545
0.000352203 -0.000618126 -0.000806999
0.00036193 -0.000621415 -0.00080513
0.000370037 -0.00063352 -0.000805017
0.00037244 -0.00061798 -0.000801973
0.000329201 -0.000598108 -0.000810046
0.00042998 -0.000742227 -0.000809479
0.000418548 -0.000742417 -0.000808141
0.000424508 -0.000738122 -0.000810087
0.000422814 -0.000725664 -0.000810655
0.000416611 -0.000730965 -0.000809096
0.000408309 -0.000724052 -0.000808916
0.000413149 -0.000715546 -0.00080821
0.000427846 -0.000703629 -0.00080864
0.000415695 -0.000694356 -0.000807592
0.000418825 -0.000702141 -0.000808514
0.000427984 -0.00070007 -0.000808348
0.000433479 -0.000700708 -0.000808492
0.000521261 -0.000742833 -0.000822401
0.00043083 -0.000609265 -0.000791758
0.000424734 -0.000600251 -0.000789601
0.000419996 -0.000595382 -0.000788866
0.000415289 -0.000590546 -0.000788137
6.26859e-05 -0.000512952 -0.000841639
5.49002e-05 -0.000502654 -0.000838747
5.10019e-05 -0.000485291 -0.000837641
4.01567e-05 -0.00047099 -0.000831285
2.19934e-05 -0.00043191 -0.000825252
0.000166037 -0.000626138 -0.000872391
0.000125914 -0.00058662 -0.000878064
0.000118124 -0.00057514 -0.000877188
0.000381767 -0.000671794 -0.000807747
0.000395488 -0.000672965 -0.000806366
0.000183888 -0.000634455 -0.000866809
0.00019526 -0.000630748 -0.000864586
0.000215108 -0.000631081 -0.000854597
0.000269837 -0.000627133 -0.000826281
0.000279858 -0.000600202 -0.000825432
0.00029736 -0.000598399 -0.000819138
0.000385646 -0.000661585 -0.000805415
0.000387382 -0.000657759 -0.000804808
0.000375649 -0.000640533 -0.000804394
0.000386709 -0.000650055 -0.000804001
0.000336994 -0.00059778 -0.000808742
0.00035818 -0.000612986 -0.000804817
0.000392116 -0.000641687 -0.000803053
0.000388172 -0.00063229 -0.000801632
0.000388195 -0.000617458 -0.00079773
0.0003053 -0.000590743 -0.00081735
0.000318927 -0.000591457 -0.000812299
0.000308607 -0.000576696 -0.000817834
0.000321918 -0.000584264 -0.000811185
0.000321188 -0.000587296 -0.000811372
0.000344626 -0.000586573 -0.000804512
0.000335481 -0.000575189 -0.000805647
0.000334307 -0.000564517 -0.000805218
0.000358046 -0.00056275 -0.000797124
0.00034836 -0.00060097 -0.00080602
0.000361992 -0.00058896 -0.00080029
0.000374279 -0.000605257 -0.000800124
0.000392219 -0.000603708 -0.000794577
0.000376446 -0.000580416 -0.000795006
0.00039263 -0.000584152 -0.000791218
0.000402537 -0.000595651 -0.000791096
0.000355556 -0.000575874 -0.00080039
0.000367081 -0.000571971 -0.000796273
0.000367771 -0.000558586 -0.000793572
0.000384135 -0.000563895 -0.000789862
0.000385227 -0.000571336 -0.000790817
0.000409295 -0.000583355 -0.000787601
0.000394116 -0.000563711 -0.000787363
0.000393842 -0.000563673 -0.000787416
0.000394012 -0.000563697 -0.000787383
0.000431604 -0.000737337 -0.000812032
0.000449364 -0.00074085 -0.000815589
0.000446467 -0.000734999 -0.000815157
0.000454225 -0.000741314 -0.000817377
0.000459516 -0.000741726 -0.000819334
0.000437639 -0.000723793 -0.000812659
0.000441995 -0.000714034 -0.000811277
0.000436006 -0.000700716 -0.000808471
0.0003981 -0.000680648 -0.000807003
0.000426151 -0.000688843 -0.000807528
0.000414129 -0.000682114 -0.00080609
0.000406017 -0.000670493 -0.000804549
0.000433448 -0.00069466 -0.0008076
0.000445871 -0.00070221 -0.000809463
0.000446933 -0.000690768 -0.000807541
0.000436577 -0.000678129 -0.000804654
0.000444482 -0.000685894 -0.000806596
0.000468928 -0.00071351 -0.000815139
0.000509027 -0.000740882 -0.00082481
0.000514147 -0.000741699 -0.000823801
0.000516651 -0.000739148 -0.000822169
0.000512246 -0.000732937 -0.000820813
0.000403679 -0.000652986 -0.000802387
0.000426308 -0.000668258 -0.000803156
0.000410855 -0.000644736 -0.000801768
0.000438962 -0.000664208 -0.000802536
0.000452074 -0.00066417 -0.000801996
0.000403173 -0.000638544 -0.000802132
0.000410716 -0.000627413 -0.000799878
0.000422809 -0.000637717 -0.000800898
0.00044872 -0.000649732 -0.000799619
0.000430279 -0.000632267 -0.000798986
0.000434866 -0.000616874 -0.000793905
0.000464098 -0.000661105 -0.000801293
0.000460217 -0.000658922 -0.000800902
0.000457515 -0.000650385 -0.000799001
0.000457664 -0.00065301 -0.000799606
0.000401219 -0.000603316 -0.000792987
0.000414136 -0.000612348 -0.000794537
0.000429087 -0.000605918 -0.000790802
0.000354908 -0.000545535 -0.000796359
0.000373452 -0.000533734 -0.000791706
0.000389138 -0.000551563 -0.000787233
0.000358673 -0.000512579 -0.000797436
0.000393669 -0.000563649 -0.000787449
0.000391043 -0.000557264 -0.000787382
7.57392e-05 -0.000568637 -0.000839613
6.97653e-05 -0.000556301 -0.000837025
6.42373e-05 -0.000528373 -0.000838629
5.27488e-05 -0.000526518 -0.000829594
6.90798e-05 -0.000542264 -0.00083967
0.000119401 -0.000613713 -0.000863713
0.000104788 -0.000591068 -0.000860397
0.000142482 -0.000651502 -0.000858857
0.000137127 -0.000636641 -0.00086419
0.000154401 -0.000653929 -0.000860705
0.000177239 -0.000662686 -0.000855595
0.00016314 -0.000657724 -0.000859236
8.98228e-05 -0.000585153 -0.000847315
9.01726e-05 -0.000573342 -0.00085103
0.000193378 -0.000664257 -0.000852585
0.000202086 -0.000666207 -0.000849018
0.00021556 -0.000671996 -0.000841877
0.000221101 -0.000672565 -0.000838084
0.000207317 -0.00067345 -0.00084464
0.000249495 -0.000669697 -0.000823944
0.00025084 -0.000661102 -0.000824777
0.000229028 -0.000673066 -0.000831474
0.000237263 -0.000660535 -0.000831063
0.000259433 -0.000684844 -0.000818605
0.000259235 -0.000675122 -0.000819779
0.000265106 -0.000675867 -0.000818344
0.00037915 -0.000722537 -0.000808741
0.000276953 -0.00067195 -0.000816432
0.00027706 -0.000661625 -0.000816757
0.000294893 -0.000668025 -0.000813942
0.000298252 -0.000659094 -0.000815141
0.000323074 -0.000668156 -0.000809527
0.000349295 -0.000693693 -0.00080856
0.000383722 -0.000717937 -0.000809671
0.000359964 -0.000697223 -0.000810147
0.000370594 -0.000699621 -0.000811286
0.000377227 -0.000704309 -0.000811445
0.0003329 -0.00068669 -0.000808286
0.000267885 -0.000652305 -0.000820545
0.000263471 -0.000650123 -0.000822529
0.000278682 -0.000651345 -0.000817483
0.000283826 -0.000656626 -0.000816383
0.000404316 -0.000741082 -0.000807378
0.000388239 -0.000741581 -0.000805814
0.000396462 -0.000725928 -0.000809413
0.000383772 -0.00071118 -0.000810187
0.00038353 -0.00070658 -0.000810887
2.45661e-05 -0.000478236 -0.000817347
2.08411e-05 -0.000449839 -0.000821016
4.40496e-05 -0.000509738 -0.000828712
5.30465e-05 -0.000512377 -0.000835515
4.30893e-05 -0.000489077 -0.000830681
1.07244e-05 -0.000457149 -0.000810604
1.20936e-05 -0.000439232 -0.000814433
0.00018532 -0.000654039 -0.000857907
0.000204299 -0.000658364 -0.000850587
0.000211128 -0.000653397 -0.000848472
0.00022237 -0.000656713 -0.000841125
0.000245886 -0.000648687 -0.000829871
0.000269912 -0.000667333 -0.000817264
0.000260018 -0.00066134 -0.000820182
0.000314798 -0.000653583 -0.000813051
0.00032458 -0.000653796 -0.000811018
0.000378561 -0.000690067 -0.000810999
0.000342289 -0.000680184 -0.000808962
0.000357579 -0.000681029 -0.000809714
0.000343008 -0.000659572 -0.000808919
0.000262182 -0.000642839 -0.000825409
0.000274595 -0.000646295 -0.000819961
0.000278586 -0.000639571 -0.00082029
0.000293125 -0.00065084 -0.000816031
0.000305722 -0.000643961 -0.000815129
0.000286459 -0.000627228 -0.000820803
0.000295671 -0.000634907 -0.000817611
0.000312042 -0.000647875 -0.00081373
0.000322875 -0.000640906 -0.000813008
0.000330551 -0.000640596 -0.000811604
0.000295101 -0.000616825 -0.000818597
0.000312539 -0.000621521 -0.000813481
0.000319671 -0.000622553 -0.000813049
0.000327868 -0.000628098 -0.000812267
0.000350916 -0.000656622 -0.000808003
0.000395289 -0.000719718 -0.000809441
0.000397303 -0.000708282 -0.000809894
0.000391362 -0.000700382 -0.000810311
0.000409934 -0.000710969 -0.000808581
0.000164992 -0.000666806 -0.000854199
5.93463e-05 -0.000556983 -0.000827453
6.91399e-05 -0.00056838 -0.0008332
6.42921e-05 -0.000573683 -0.000827286
5.91117e-05 -0.000564044 -0.000825726
5.59152e-05 -0.000548327 -0.000826427
3.23527e-05 -0.000513275 -0.00081608
0.000111712 -0.000630726 -0.000857465
0.000105619 -0.00062197 -0.000855666
0.00010861 -0.000632168 -0.000855703
7.89657e-05 -0.000593482 -0.000835656
9.29254e-05 -0.000619937 -0.000845627
9.27323e-05 -0.000606321 -0.00084719
0.000133467 -0.000651719 -0.000856012
0.000210889 -0.000687402 -0.000838931
0.000203339 -0.000687243 -0.000840894
0.000221033 -0.000686278 -0.000835326
0.000225395 -0.000688606 -0.000832051
0.000186469 -0.000679548 -0.000846625
0.000176507 -0.000683101 -0.000845044
0.000195554 -0.000675898 -0.000846687
0.00023996 -0.000697192 -0.000823593
0.00023337 -0.000695861 -0.000825988
0.000242141 -0.000696989 -0.000822993
0.000246864 -0.000690571 -0.000822822
0.000247847 -0.000698174 -0.000821232
0.000269756 -0.000687669 -0.000814765
0.000362151 -0.000720942 -0.000807644
0.000348436 -0.000719929 -0.000807704
0.000369559 -0.000742999 -0.000801908
0.000363696 -0.00073598 -0.000803665
0.000383537 -0.000741905 -0.000804966
0.000355984 -0.000726802 -0.000806158
0.000287595 -0.000691818 -0.000809207
0.000284756 -0.000689887 -0.000809591
0.000291482 -0.000692202 -0.000809443
0.000312847 -0.00070812 -0.000808107
0.000299411 -0.000707081 -0.000808067
0.000333136 -0.000709985 -0.000807728
0.000341658 -0.000714499 -0.000808195
0.000361404 -0.00071391 -0.000809022
0.000369576 -0.00070984 -0.000810434
0.000367461 -0.000709246 -0.000810347
3.39436e-05 -0.000494355 -0.000822647
-2.19929e-06 -0.00045462 -0.000799307
5.9416e-05 -0.000536259 -0.000832365
0.000235263 -0.000689985 -0.000826296
0.000243597 -0.000679775 -0.000824904
0.000238431 -0.000670248 -0.000826624
0.000370997 -0.000722826 -0.000808003
0.000282662 -0.000680588 -0.000813606
0.000320568 -0.000702778 -0.000808279
0.000318408 -0.000695313 -0.000808497
0.000338879 -0.000704269 -0.000808384
0.000286246 -0.000668517 -0.000815212
0.000297176 -0.000674567 -0.000811737
0.000315407 -0.000679939 -0.000808617
0.000360045 -0.000707999 -0.000809627
0.000369777 -0.000714323 -0.000809608
0.00037693 -0.000710694 -0.000810427
0.000370511 -0.000704974 -0.000811242
0.000135486 -0.000666876 -0.000850124
0.000127245 -0.000664865 -0.000848679
0.000124726 -0.000659555 -0.000850173
0.000139929 -0.000673787 -0.000846582
0.000151536 -0.000677204 -0.00084657
0.000158547 -0.000696756 -0.000838559
6.91028e-05 -0.000599795 -0.000825894
6.59706e-05 -0.000592193 -0.000823192
6.56748e-05 -0.000582934 -0.000824944
7.70322e-05 -0.00060307 -0.000832656
5.20356e-05 -0.000565408 -0.000819662
4.50502e-05 -0.000557548 -0.000815628
4.9036e-05 -0.000581989 -0.000813379
4.10553e-05 -0.000546856 -0.000815344
3.71163e-05 -0.000535802 -0.00081427
3.17333e-05 -0.000523884 -0.000812052
9.22284e-05 -0.000621207 -0.000845034
9.18102e-05 -0.000621577 -0.000844684
9.88156e-05 -0.000626538 -0.000850199
0.000107208 -0.000640553 -0.000851539
0.000111786 -0.000650337 -0.000849274
8.49017e-05 -0.000611807 -0.00083914
0.00025114 -0.000707996 -0.000818437
0.000263 -0.000716293 -0.000812804
0.000185077 -0.000695706 -0.00083852
0.000179126 -0.00068985 -0.000841327
0.000203922 -0.000701922 -0.00083479
0.000221199 -0.000710925 -0.000825921
0.000228123 -0.000705947 -0.000825539
0.000238596 -0.00071139 -0.000820414
0.000283307 -0.000722565 -0.000805366
0.000274543 -0.000723223 -0.000806343
0.000276361 -0.000707741 -0.000807809
0.000289635 -0.000722529 -0.000806044
0.000308844 -0.000720504 -0.000806946
0.000334261 -0.000729879 -0.000804181
0.000323464 -0.000726477 -0.000804677
0.000342618 -0.000740887 -0.000800387
0.000363378 -0.00074277 -0.000801646
1.95569e-05 -0.000502513 -0.000808307
1.74054e-05 -0.000497637 -0.000807227
4.91666e-07 -0.000473198 -0.000799283
-1.26092e-05 -0.00047043 -0.000788403
-5.96378e-06 -0.000460337 -0.000795364
8.44324e-06 -0.000486622 -0.000801934
9.97125e-05 -0.000623904 -0.000851091
0.000126735 -0.000650171 -0.000854095
0.000264423 -0.000701243 -0.000813019
0.000288731 -0.000704122 -0.000807642
0.000337142 -0.00072618 -0.000806
0.000326996 -0.000717518 -0.000806873
0.000346766 -0.000732862 -0.000804071
0.000114811 -0.000669568 -0.0008428
9.40365e-05 -0.000647351 -0.000841969
9.99099e-05 -0.00064416 -0.000846657
9.75704e-05 -0.000657863 -0.000841011
0.000135626 -0.000682724 -0.000840012
0.000167614 -0.000699752 -0.000837878
0.000143809 -0.000692419 -0.000837832
0.000123672 -0.000674644 -0.000842273
7.19719e-05 -0.000628607 -0.000826962
6.72175e-05 -0.00062295 -0.000822764
7.17453e-05 -0.000611037 -0.000827819
5.70329e-05 -0.000607745 -0.000816552
5.15284e-05 -0.00059142 -0.000812819
6.1561e-05 -0.000607323 -0.00081921
6.51353e-05 -0.000611732 -0.000822149
2.96423e-05 -0.000554903 -0.000806439
2.36357e-05 -0.000536014 -0.000803694
1.53649e-05 -0.000511241 -0.000803336
3.85062e-05 -0.000575866 -0.00080865
8.62193e-05 -0.000632258 -0.000839491
0.000180749 -0.000714519 -0.000831817
0.00020096 -0.000711887 -0.000830369
0.000212185 -0.000718308 -0.000825977
0.000219552 -0.000723497 -0.000822851
0.000239204 -0.000728159 -0.000815583
0.000256547 -0.000729717 -0.000810532
0.000257121 -0.000740959 -0.000805283
0.000271966 -0.000742209 -0.000802272
0.000292052 -0.000740827 -0.000800809
0.000295841 -0.000732245 -0.000803104
0.000306121 -0.000733548 -0.000802521
0.000315453 -0.000731053 -0.00080309
0.00032567 -0.000735369 -0.000800902
-1.06853e-05 -0.000484506 -0.000786504
8.61653e-06 -0.000499075 -0.000799904
0.00017789 -0.0006942 -0.000839707
0.000286242 -0.000731405 -0.000803564
0.00033286 -0.00073634 -0.000801017
0.000139965 -0.000707391 -0.000830701
0.000160133 -0.000713116 -0.000832914
0.000111078 -0.000679252 -0.000837173
8.31501e-05 -0.000647696 -0.000834566
7.37991e-05 -0.000645686 -0.00082753
0.000101787 -0.00066762 -0.00083919
0.000118223 -0.00069078 -0.00083432
0.000128848 -0.000700958 -0.000831779
4.28081e-05 -0.000612186 -0.000807925
5.12645e-05 -0.000621194 -0.000811689
6.55332e-05 -0.000638946 -0.000821736
4.93851e-05 -0.000631373 -0.000810357
4.58468e-05 -0.000595503 -0.00080951
3.80192e-05 -0.000594003 -0.000805324
2.7257e-05 -0.000594428 -0.000800009
1.812e-05 -0.00057036 -0.000797456
1.31518e-05 -0.000557611 -0.000794784
1.02363e-05 -0.000532161 -0.000795152
9.93351e-06 -0.000512039 -0.000798981
0.000176448 -0.000720389 -0.000829851
0.000186562 -0.000741222 -0.00081874
0.000202125 -0.000741096 -0.000817629
0.000200497 -0.000735657 -0.000819805
0.000226103 -0.000742849 -0.000813956
-2.31783e-06 -0.000502546 -0.000791488
-1.39423e-05 -0.000488456 -0.000782845
-1.30102e-05 -0.000485984 -0.000784064
-2.24488e-05 -0.000477334 -0.00077833
0.000153129 -0.000706533 -0.000833931
0.000122464 -0.000682025 -0.00083841
8.07432e-05 -0.000639749 -0.000833955
0.000188927 -0.000721038 -0.00082754
0.000244162 -0.000742453 -0.000808561
0.000297526 -0.000741047 -0.000800217
0.000316464 -0.000738993 -0.000799244
6.65387e-05 -0.000652034 -0.00082148
6.85486e-05 -0.000657023 -0.000822385
6.25336e-05 -0.00064807 -0.000818584
0.000130537 -0.000717149 -0.000827286
0.000117945 -0.000703275 -0.000829239
0.000147252 -0.000724946 -0.000826501
0.000162804 -0.000730925 -0.000825187
8.93729e-05 -0.000681266 -0.000827501
0.000100277 -0.000688045 -0.00083023
0.000105541 -0.000698864 -0.000826897
7.71304e-05 -0.00065564 -0.000828447
7.89416e-05 -0.000659136 -0.000828499
5.72079e-05 -0.000650849 -0.000814189
3.9108e-05 -0.000614994 -0.000805055
3.19016e-05 -0.000614416 -0.000800448
4.45894e-06 -0.000585019 -0.000789721
2.19815e-06 -0.000574634 -0.000789385
-3.15186e-06 -0.000526014 -0.000786891
-1.82019e-05 -0.000510036 -0.000778149
0.000164489 -0.000741303 -0.000820297
-2.4193e-05 -0.000479663 -0.000776201
0.000195224 -0.000741152 -0.000818121
5.9548e-05 -0.000668114 -0.000812672
6.28757e-05 -0.000678108 -0.000813476
4.25922e-05 -0.000652434 -0.000806042
4.09821e-05 -0.000638382 -0.00080593
4.98189e-05 -0.000668115 -0.000807104
0.00010931 -0.000717275 -0.000820258
8.82651e-05 -0.000704666 -0.000819593
9.10076e-05 -0.000696235 -0.000823569
0.000136626 -0.000741713 -0.000817141
0.000135097 -0.00072324 -0.000825591
0.000158886 -0.000741166 -0.000820387
0.000120652 -0.000716971 -0.000824118
0.000118369 -0.000725243 -0.000818526
7.66839e-05 -0.000688163 -0.000819339
7.05676e-05 -0.000675144 -0.000819727
2.52659e-05 -0.000636356 -0.000797211
9.53417e-06 -0.000618651 -0.000790628
1.05458e-05 -0.000588324 -0.000792537
-1.92321e-05 -0.000552351 -0.000774358
-1.89217e-05 -0.00052464 -0.000776303
-3.13699e-05 -0.000487984 -0.000769031
-2.61382e-05 -0.000481978 -0.000773989
-2.59305e-05 -0.000481748 -0.000774215
-2.68094e-05 -0.000534783 -0.000771584
-3.42919e-05 -0.000516172 -0.000766187
4.72368e-05 -0.000685554 -0.000803604
3.17015e-05 -0.000662289 -0.000798882
6.8037e-05 -0.000696559 -0.000812889
2.11869e-05 -0.0006513 -0.00079534
2.13782e-05 -0.000643259 -0.000795529
0.000117948 -0.000741026 -0.000812843
0.000114075 -0.000741333 -0.000811889
9.77081e-05 -0.000722635 -0.000816066
9.1154e-05 -0.000722582 -0.000814609
7.69178e-05 -0.000716336 -0.00081111
6.62527e-05 -0.000706915 -0.000809398
0.000123289 -0.00074136 -0.000813939
1.70528e-05 -0.000637125 -0.000793727
1.66979e-05 -0.000629313 -0.000793066
-9.91808e-06 -0.000593153 -0.000783296
-2.30516e-05 -0.000564587 -0.000774545
-3.9203e-05 -0.000497567 -0.000763592
-4.78137e-05 -0.000552329 -0.000759536
-4.92127e-05 -0.000539625 -0.000757825
-5.21837e-05 -0.000511423 -0.000755136
4.93695e-05 -0.000697867 -0.000802729
3.6735e-05 -0.00069443 -0.000797423
5.30817e-05 -0.000723775 -0.000796276
5.54788e-05 -0.000710066 -0.000801746
6.58842e-05 -0.000722798 -0.000803854
4.65653e-05 -0.00072246 -0.000792192
6.2457e-06 -0.000654105 -0.000788187
2.9572e-05 -0.000674145 -0.000797102
8.02902e-05 -0.000742108 -0.000803791
0.000103378 -0.000742327 -0.000809353
-6.38266e-06 -0.000625457 -0.00078296
-1.80791e-05 -0.000609151 -0.000779608
-3.35704e-05 -0.000594965 -0.000772815
9.82515e-05 -0.000731104 -0.000812792
-4.82761e-05 -0.000578867 -0.000763776
-6.59805e-05 -0.000529716 -0.000748702
-5.55179e-05 -0.000515783 -0.000753518
4.74778e-05 -0.000742653 -0.000788261
3.7446e-05 -0.000726553 -0.000787456
6.60858e-05 -0.000742392 -0.000797741
3.18699e-05 -0.000716065 -0.000789132
2.47758e-05 -0.000704515 -0.000789619
2.45129e-05 -0.000692459 -0.000792081
1.22521e-05 -0.000674048 -0.00079072
-6.2313e-06 -0.000639013 -0.00078392
-3.27275e-05 -0.000616101 -0.000773406
-4.65821e-05 -0.000595771 -0.000765897
-5.5737e-05 -0.00058431 -0.000759672
-6.55686e-05 -0.000558312 -0.000751785
-6.51198e-05 -0.000545629 -0.000750417
-5.6705e-05 -0.000561209 -0.000757221
-7.20783e-05 -0.000539776 -0.000746602
1.74721e-05 -0.000720884 -0.000781893
1.73234e-05 -0.000711787 -0.000784158
1.23604e-05 -0.000694314 -0.000787067
2.4567e-05 -0.000735706 -0.000780776
3.15657e-05 -0.000740965 -0.000781923
-9.57449e-06 -0.000681182 -0.000784362
-1.04635e-05 -0.000662276 -0.000783494
-1.54067e-05 -0.000646428 -0.000781082
-4.05119e-05 -0.000648111 -0.000774585
-5.42176e-05 -0.000622094 -0.00076571
-6.06503e-05 -0.000604111 -0.000760367
-6.80675e-05 -0.000591507 -0.000755635
-7.66748e-05 -0.000586856 -0.000752367
-7.21304e-05 -0.000575042 -0.000752417
-7.97048e-05 -0.000560582 -0.000745998
-8.02405e-05 -0.000544548 -0.000743062
-7.90113e-05 -0.000543758 -0.00074355
-3.66216e-06 -0.00072751 -0.000772802
1.08375e-05 -0.000728256 -0.000777872
-1.75587e-05 -0.000695023 -0.000777451
-1.69771e-06 -0.000714345 -0.00077777
-1.32354e-05 -0.000709201 -0.000776333
2.37364e-05 -0.000741814 -0.000777837
-2.7569e-05 -0.000684864 -0.000778522
-2.84472e-05 -0.000675574 -0.000778879
-3.07498e-05 -0.000660247 -0.000777673
4.945e-06 -0.000707936 -0.000780877
2.86591e-05 -0.000741257 -0.000780423
-1.79374e-05 -0.000669683 -0.000781205
-4.7615e-05 -0.000686179 -0.000772926
-4.71487e-05 -0.000666909 -0.000773491
-4.84388e-05 -0.00066049 -0.000772337
-5.48251e-05 -0.000650041 -0.000769434
-6.19573e-05 -0.000638576 -0.000764955
-6.6968e-05 -0.000631318 -0.000762019
-7.2811e-05 -0.000627596 -0.000759969
-7.14356e-05 -0.000606636 -0.000757043
-8.46549e-05 -0.000605105 -0.000753107
-9.11151e-05 -0.000590816 -0.000748247
-0.000100977 -0.000576068 -0.000741148
-0.000104104 -0.000578727 -0.000740669
-9.59444e-05 -0.00056797 -0.000740898
-2.37147e-05 -0.000730316 -0.000768799
-1.9997e-05 -0.000722647 -0.00077182
-1.204e-05 -0.000736248 -0.000767384
-2.1814e-05 -0.000713476 -0.000773677
-2.70751e-05 -0.000703183 -0.0007743
-4.06289e-05 -0.000700234 -0.00077294
-8.10386e-05 -0.000592519 -0.000752099
-9.10751e-05 -0.000562896 -0.000741672
-7.94365e-07 -0.000741791 -0.000767599
-4.70322e-05 -0.000715587 -0.000767889
-5.52017e-05 -0.000709151 -0.000768584
-7.40399e-05 -0.000675154 -0.000765833
-7.13385e-05 -0.000688655 -0.000766646
-5.93251e-05 -0.000696624 -0.000769299
-7.1681e-05 -0.000665001 -0.000765676
-7.61337e-05 -0.000655883 -0.000763074
-9.66832e-05 -0.000637676 -0.000752855
-0.00010203 -0.000619466 -0.000747436
-0.000108887 -0.000596855 -0.000740995
-0.000111454 -0.00058907 -0.000739721
-8.47926e-05 -0.000640156 -0.000758541
-3.81094e-05 -0.000736024 -0.000762692
-3.507e-05 -0.000724253 -0.000767474
-5.57766e-05 -0.000676419 -0.000771059
-0.000108672 -0.000588274 -0.000740681
-0.000100236 -0.000586125 -0.000743696
-8.45934e-05 -0.000619575 -0.000755117
-2.50646e-05 -0.000736457 -0.00076585
-2.67394e-05 -0.000712689 -0.000772861
-5.5596e-05 -0.000735241 -0.000759915
-6.10061e-05 -0.000722624 -0.000763753
-8.50814e-05 -0.000713448 -0.0007607
-9.37262e-05 -0.000700225 -0.000760301
-7.89449e-05 -0.00071547 -0.000762011
-6.77229e-05 -0.000718798 -0.00076408
-5.73304e-05 -0.000718231 -0.000765632
-0.000112601 -0.000672196 -0.000752448
-9.69909e-05 -0.000663708 -0.000756564
-0.000112428 -0.000658116 -0.000750648
-0.000108365 -0.000649508 -0.000750178
-9.62799e-05 -0.000684497 -0.000759345
-0.000116346 -0.000646428 -0.000746068
-0.000127668 -0.000640692 -0.000741599
-0.000124652 -0.00063494 -0.000740439
-0.00012477 -0.000619625 -0.000737779
-0.000132599 -0.000616877 -0.00073624
-7.87169e-05 -0.000706012 -0.000763809
-6.82773e-05 -0.000709331 -0.000765905
-8.74548e-05 -0.000653072 -0.000759058
-0.000108018 -0.000634389 -0.00074646
-0.000115183 -0.000590721 -0.000738503
-0.000106014 -0.000735058 -0.000754285
-0.000110798 -0.00072912 -0.000755267
-0.000110682 -0.000720185 -0.000756624
-0.000107068 -0.000709623 -0.00075665
-0.000116973 -0.000707136 -0.000755777
-0.000104982 -0.000702851 -0.000756966
-9.24477e-05 -0.000735239 -0.000754904
-9.06867e-05 -0.000730653 -0.000755987
-9.62542e-05 -0.000716343 -0.000757307
-0.000137157 -0.00067587 -0.000749823
-0.000120789 -0.000688123 -0.000752456
-0.000132175 -0.000694386 -0.000753189
-0.000153642 -0.000659062 -0.000744928
-0.000135868 -0.000664066 -0.000748179
-0.000156765 -0.000655792 -0.000742254
-0.000153016 -0.000643349 -0.000737801
-9.1412e-05 -0.000724745 -0.00075706
-8.24914e-05 -0.000736712 -0.000756344
-7.72439e-05 -0.000722525 -0.000761013
-7.07695e-05 -0.000738892 -0.000757347
-6.25452e-05 -0.000736354 -0.000758881
-0.000106247 -0.000689099 -0.000756489
-0.000136251 -0.000652763 -0.000744801
-0.000143961 -0.000625544 -0.000736761
-0.000127874 -0.000629064 -0.000739023
-0.000170619 -0.000702482 -0.000755865
-0.000176772 -0.000702975 -0.000755092
-0.000174022 -0.000690888 -0.000752951
-0.000175534 -0.000685948 -0.000750809
-0.000179079 -0.000675798 -0.000745725
-0.000175128 -0.000670913 -0.000744226
-0.000152633 -0.000730866 -0.000756634
-0.00015199 -0.000720949 -0.000756928
-0.000122719 -0.000735508 -0.000755274
-0.000129484 -0.000727386 -0.00075648
-0.000170869 -0.000675454 -0.000747355
-0.000163873 -0.000680275 -0.000750721
-0.000171852 -0.000668133 -0.000743358
-0.000170899 -0.000666 -0.000742275
-0.000169837 -0.000663621 -0.000741067
-0.000164306 -0.000655137 -0.000739383
-0.000146805 -0.000712507 -0.000756993
-0.000131111 -0.00071232 -0.000756581
-0.000150192 -0.000695787 -0.000754459
-0.000131753 -0.000702631 -0.000754854
-0.000146186 -0.000685176 -0.000751845
-0.000155704 -0.000671657 -0.000748769
-0.000155768 -0.000665439 -0.000747012
-0.000179953 -0.000741265 -0.000758317
-0.000187421 -0.000728249 -0.000757988
-0.000185819 -0.000720723 -0.000757902
-0.000191155 -0.000713499 -0.000755746
-0.00018458 -0.000686806 -0.000748138
-0.000181791 -0.000687731 -0.000749374
-0.000183704 -0.000685051 -0.000747788
-0.000163631 -0.000742443 -0.000757059
-0.000145514 -0.000741803 -0.000755994
-0.000202537 -0.000741822 -0.000753541
-0.000186189 -0.000742719 -0.000757482
-0.000190556 -0.000743807 -0.000756844
-0.000199381 -0.000725142 -0.000754201
-0.000204902 -0.000711039 -0.000749591
-0.000203987 -0.000708468 -0.000749298
-0.000206909 -0.000742369 -0.000751659
-0.000215735 -0.000740838 -0.00074754
-0.000218489 -0.000729992 -0.000745669
-0.000210581 -0.000722214 -0.000749095
-0.000224825 -0.000734192 -0.000741784
-0.000222828 -0.000732868 -0.000743008
-0.000219285 -0.00073052 -0.000745181
3 11 10 5
3 5 6 11
3 8 12 9
3 6 9 11
3 9 12 11
3 13 12 8
3 8 7 13
3 0 12 13
3 1 11 12
3 15 14 26
3 27 16 17
3 16 27 14
3 18 27 17
3 18 20 27
3 18 19 20
3 3 14 2
3 27 20 4
3 2 14 27
3 27 4 2
3 22 5 23
3 22 6 5
3 22 24 6
3 24 25 6
3 25 8 9
3 15 26 8
3 7 8 26
3 25 9 6
3 26 14 7
3 14 3 7
3 32 31 30
3 33 44 34
3 34 44 35
3 33 29 16
3 33 16 14
3 14 44 33
3 35 44 45
3 35 45 32
3 45 44 15
3 15 44 14
3 17 29 28
3 28 36 17
3 36 37 17
3 29 17 16
3 18 37 38
3 18 17 37
3 18 38 19
3 38 39 19
3 46 19 39
3 40 41 39
3 41 46 39
3 19 46 21
3 21 20 19
3 31 22 42
3 42 22 43
3 22 23 43
3 31 24 22
3 24 31 32
3 25 24 32
3 32 45 8
3 8 25 32
3 45 15 8
3 28 29 50
3 48 50 34
3 50 33 34
3 29 33 50
3 31 51 30
3 49 48 34
3 34 51 49
3 51 34 35
3 35 30 51
3 30 35 32
3 59 52 53
3 54 59 53
3 52 36 28
3 59 36 52
3 37 36 59
3 59 54 60
3 37 59 38
3 38 59 60
3 60 39 38
3 54 40 60
3 39 60 40
3 55 41 40
3 55 57 41
3 55 56 57
3 61 80 62
3 48 49 63
3 50 64 66
3 28 66 67
3 67 68 28
3 64 48 65
3 64 50 48
3 66 28 50
3 80 61 69
3 70 63 49
3 69 70 80
3 70 51 80
3 70 49 51
3 31 80 51
3 31 58 80
3 71 28 68
3 71 52 28
3 52 71 53
3 71 72 53
3 73 53 72
3 73 54 53
3 73 74 54
3 76 74 75
3 40 54 74
3 55 40 74
3 81 76 82
3 74 76 81
3 55 74 81
3 81 82 56
3 56 55 81
3 79 57 56
3 58 47 80
3 58 31 42
3 76 77 82
3 78 82 77
3 78 56 82
3 79 56 78
3 83 67 84
3 68 67 83
3 83 85 68
3 86 68 85
3 71 86 87
3 72 71 87
3 89 61 88
3 88 61 94
3 62 94 61
3 63 90 65
3 63 65 48
3 90 64 65
3 84 67 64
3 67 66 64
3 63 70 69
3 61 89 69
3 71 68 86
3 75 73 91
3 74 73 75
3 77 76 92
3 93 78 77
3 95 84 96
3 86 85 87
3 87 97 72
3 101 102 89
3 102 103 89
3 88 101 89
3 90 63 104
3 104 89 103
3 96 64 90
3 64 96 84
3 104 69 89
3 104 63 69
3 97 73 72
3 91 97 99
3 73 97 91
3 105 75 91
3 105 106 75
3 106 76 75
3 108 106 107
3 92 76 106
3 108 92 106
3 110 93 92
3 93 77 92
3 108 109 92
3 109 110 92
3 84 95 113
3 114 115 84
3 111 95 96
3 115 83 84
3 83 115 85
3 85 116 130
3 116 117 130
3 87 85 130
3 87 130 97
3 118 130 117
3 98 130 118
3 119 98 118
3 119 97 98
3 130 98 97
3 99 97 119
3 120 99 119
3 123 131 121
3 102 131 123
3 102 124 103
3 131 122 121
3 100 122 131
3 102 100 131
3 100 102 101
3 124 126 103
3 104 126 90
3 126 125 90
3 90 112 96
3 90 125 112
3 104 103 126
3 91 99 120
3 91 120 105
3 127 105 120
3 127 107 105
3 106 105 107
3 128 108 107
3 128 109 108
3 132 137 124
3 112 136 111
3 112 137 136
3 111 96 112
3 138 113 135
3 113 133 84
3 113 95 135
3 114 133 134
3 114 84 133
3 139 115 134
3 115 114 134
3 135 95 111
3 140 156 139
3 140 117 156
3 139 85 115
3 85 139 156
3 156 116 85
3 117 141 118
3 116 156 117
3 142 118 141
3 143 118 142
3 144 118 143
3 119 118 144
3 120 119 144
3 145 120 144
3 147 121 122
3 148 123 121
3 121 147 146
3 132 124 123
3 102 123 124
3 126 124 125
3 125 124 137
3 137 112 125
3 127 145 149
3 127 120 145
3 127 150 151
3 149 150 127
3 152 127 151
3 152 107 127
3 152 128 107
3 152 153 128
3 153 129 128
3 153 154 129
3 158 133 113
3 133 159 175
3 134 133 175
3 111 138 135
3 111 136 138
3 160 136 137
3 163 175 159
3 140 175 163
3 164 140 163
3 139 175 140
3 139 134 175
3 164 161 140
3 161 141 140
3 162 141 161
3 117 140 141
3 165 142 162
3 142 141 162
3 165 166 143
3 142 165 143
3 143 167 144
3 145 144 167
3 168 146 147
3 146 148 121
3 157 123 148
3 157 132 123
3 169 150 149
3 169 170 150
3 150 170 151
3 171 151 170
3 171 172 151
3 153 151 172
3 153 152 151
3 172 154 153
3 155 129 154
3 157 148 178
3 178 177 157
3 177 132 157
3 180 138 181
3 183 158 180
3 159 158 182
3 159 184 163
3 182 184 159
3 113 180 158
3 180 113 138
3 159 133 158
3 137 177 176
3 181 136 160
3 181 138 136
3 132 177 137
3 163 185 164
3 185 161 164
3 185 162 161
3 185 199 162
3 186 199 185
3 187 199 186
3 166 165 199
3 165 162 199
3 199 187 166
3 167 143 187
3 143 166 187
3 179 168 188
3 168 179 146
3 179 148 146
3 190 167 189
3 190 145 167
3 190 191 169
3 149 145 190
3 190 169 149
3 192 169 191
3 170 169 192
3 192 171 170
3 193 194 171
3 194 172 171
3 172 195 174
3 194 195 172
3 173 172 174
3 154 172 173
3 196 174 195
3 197 174 196
3 155 154 173
3 176 177 200
3 178 200 177
3 179 201 148
3 201 178 148
3 203 219 183
3 203 202 219
3 220 219 202
3 204 220 202
3 219 220 182
3 220 204 221
3 221 182 220
3 206 221 204
3 204 205 206
3 206 222 221
3 207 223 206
3 208 223 207
3 212 180 213
3 213 160 176
3 160 213 181
3 213 180 181
3 158 219 182
3 158 183 219
3 183 180 212
3 184 182 221
3 176 160 137
3 184 221 222
3 163 184 222
3 222 185 163
3 222 223 185
3 206 223 222
3 185 223 186
3 223 208 186
3 224 186 208
3 209 224 208
3 209 210 224
3 224 210 211
3 211 214 224
3 214 186 224
3 214 187 186
3 214 167 187
3 214 215 189
3 167 214 189
3 189 191 190
3 189 216 191
3 192 191 216
3 193 171 192
3 195 194 217
3 194 193 217
3 217 218 196
3 196 195 217
3 196 198 197
3 225 200 226
3 227 179 188
3 227 201 179
3 228 178 201
3 228 200 178
3 231 202 230
3 183 239 203
3 239 229 203
3 231 204 202
3 204 231 232
3 204 232 205
3 233 207 205
3 207 206 205
3 233 234 207
3 234 208 207
3 209 234 235
3 235 236 209
3 208 234 209
3 237 209 236
3 237 210 209
3 237 238 210
3 238 211 210
3 239 183 212
3 212 213 239
3 225 213 176
3 176 200 225
3 215 214 211
3 215 211 238
3 240 189 215
3 189 240 216
3 241 216 240
3 241 192 216
3 193 241 242
3 192 241 193
3 243 217 242
3 193 242 217
3 243 218 217
3 244 218 243
3 218 244 245
3 196 218 245
3 247 196 245
3 246 247 245
3 198 196 247
3 226 249 250
3 253 201 254
3 253 251 201
3 254 201 227
3 251 226 228
3 249 226 251
3 201 251 228
3 228 226 200
3 257 280 258
3 257 255 280
3 229 280 203
3 229 259 280
3 259 258 280
3 229 239 259
3 255 230 280
3 202 280 230
3 230 256 231
3 280 202 203
3 262 256 261
3 256 262 231
3 232 231 262
3 232 262 205
3 233 262 263
3 264 233 263
3 205 262 233
3 233 264 234
3 266 264 265
3 235 234 264
3 264 236 235
3 236 268 237
3 268 238 237
3 268 267 238
3 260 259 248
3 213 225 248
3 248 239 213
3 239 248 259
3 252 227 188
3 269 281 267
3 269 270 281
3 215 267 281
3 215 238 267
3 271 281 270
3 282 281 271
3 282 215 281
3 282 240 215
3 240 282 272
3 272 282 271
3 241 240 272
3 273 241 272
3 273 274 241
3 274 275 242
3 242 241 274
3 243 242 276
3 276 242 275
3 277 283 276
3 283 243 276
3 277 244 283
3 244 243 283
3 277 278 279
3 245 244 277
3 245 277 279
3 284 287 289
3 287 284 248
3 287 248 225
3 288 287 250
3 250 249 286
3 287 225 226
3 226 250 287
3 290 286 253
3 286 249 253
3 249 251 253
3 285 253 254
3 290 253 285
3 252 285 254
3 254 227 252
3 291 255 292
3 293 294 313
3 291 293 255
3 293 313 255
3 313 294 256
3 230 255 313
3 313 256 230
3 257 258 295
3 292 255 257
3 295 259 260
3 295 258 259
3 296 261 294
3 296 297 261
3 294 261 256
3 298 265 297
3 265 261 297
3 314 265 298
3 261 265 263
3 298 300 314
3 300 299 314
3 314 299 266
3 299 301 266
3 302 266 301
3 262 261 263
3 265 264 263
3 265 314 266
3 268 264 266
3 266 302 269
3 269 268 266
3 264 268 236
3 267 268 269
3 302 303 269
3 304 269 303
3 269 304 315
3 306 304 305
3 316 304 306
3 316 315 304
3 270 269 315
3 317 270 315
3 315 316 317
3 271 270 317
3 306 307 316
3 318 316 307
3 316 318 317
3 307 308 318
3 272 271 318
3 271 317 318
3 308 319 318
3 273 272 319
3 272 318 319
3 319 308 309
3 319 309 274
3 275 274 309
3 274 273 319
3 309 310 275
3 275 310 276
3 310 311 276
3 311 320 276
3 311 312 320
3 277 276 278
3 276 320 278
3 312 321 320
3 279 278 320
3 321 279 320
3 324 323 322
3 361 326 327
3 328 329 327
3 329 330 327
3 330 361 327
3 330 329 362
3 331 332 328
3 362 328 363
3 329 328 362
3 328 332 363
3 364 363 332
3 365 364 332
3 334 332 333
3 332 334 365
3 365 334 335
3 248 284 260
3 288 250 286
3 337 286 338
3 286 290 338
3 338 290 285
3 339 340 292
3 341 291 342
3 341 293 291
3 324 293 341
3 293 324 322
3 322 294 293
3 342 291 292
3 339 295 343
3 339 257 295
3 284 343 295
3 257 339 292
3 260 284 295
3 294 322 296
3 297 325 298
3 296 325 297
3 300 326 299
3 299 326 361
3 361 301 299
3 330 366 361
3 330 367 366
3 330 362 367
3 301 361 366
3 366 367 302
3 301 366 302
3 362 363 367
3 302 367 368
3 367 363 368
3 364 365 369
3 368 364 369
3 363 364 368
3 303 302 368
3 303 368 305
3 305 304 303
3 368 369 370
3 305 370 306
3 368 370 305
3 369 365 345
3 345 365 346
3 344 345 346
3 346 365 335
3 346 347 349
3 345 370 369
3 370 345 306
3 306 348 371
3 345 348 306
3 349 348 346
3 371 349 372
3 348 349 371
3 307 306 371
3 307 371 373
3 371 372 373
3 308 307 373
3 374 308 373
3 350 351 349
3 351 372 349
3 372 351 375
3 351 352 375
3 373 372 374
3 375 374 372
3 374 375 376
3 375 352 377
3 353 377 352
3 375 377 376
3 377 353 378
3 355 353 354
3 355 378 353
3 309 308 374
3 309 374 376
3 310 309 376
3 311 310 376
3 376 377 311
3 378 355 358
3 377 378 379
3 379 311 377
3 378 358 379
3 356 358 355
3 357 358 356
3 311 379 312
3 358 359 360
3 360 379 358
3 381 323 324
3 324 382 381
3 386 395 388
3 389 425 390
3 391 384 426
3 384 383 426
3 383 385 426
3 391 426 325
3 426 385 427
3 427 325 426
3 322 323 380
3 325 296 391
3 296 380 391
3 296 322 380
3 325 427 392
3 392 298 325
3 387 427 385
3 387 392 427
3 392 387 390
3 393 390 425
3 392 390 327
3 326 392 327
3 327 394 328
3 327 390 394
3 395 396 388
3 389 388 425
3 388 396 428
3 428 425 388
3 428 396 430
3 396 429 430
3 397 429 396
3 429 397 399
3 397 398 399
3 431 393 425
3 425 428 431
3 331 393 431
3 331 394 393
3 432 431 428
3 432 331 431
3 428 430 432
3 394 331 328
3 332 331 432
3 432 333 332
3 399 430 429
3 430 399 333
3 333 432 430
3 399 400 433
3 334 333 399
3 334 399 433
3 433 335 334
3 335 433 434
3 401 433 400
3 404 403 402
3 401 434 433
3 434 401 435
3 401 403 435
3 405 406 404
3 403 404 406
3 406 435 403
3 408 289 409
3 408 343 289
3 284 289 343
3 288 286 337
3 287 409 289
3 409 287 288
3 338 410 337
3 410 338 336
3 342 340 412
3 413 340 407
3 340 339 407
3 292 340 342
3 412 382 342
3 382 341 342
3 382 324 341
3 343 407 339
3 300 298 392
3 392 326 300
3 335 434 346
3 347 346 434
3 348 345 344
3 344 346 348
3 434 435 347
3 347 435 350
3 406 414 435
3 350 349 347
3 350 414 436
3 435 414 350
3 350 436 351
3 414 415 416
3 436 414 417
3 414 416 417
3 418 436 417
3 437 352 351
3 352 437 353
3 437 436 419
3 351 436 437
3 436 418 419
3 437 419 354
3 419 420 354
3 354 353 437
3 420 355 354
3 356 355 420
3 356 420 357
3 421 357 420
3 421 422 359
3 423 359 422
3 357 421 359
3 359 358 357
3 438 359 423
3 423 424 438
3 360 359 439
3 321 312 379
3 439 359 438
3 321 379 360
3 382 413 443
3 441 381 443
3 441 440 482
3 323 441 380
3 441 482 380
3 381 382 443
3 381 441 323
3 446 383 445
3 440 444 482
3 444 384 482
3 444 383 384
3 446 385 383
3 449 448 483
3 448 386 483
3 447 385 446
3 385 447 387
3 447 483 389
3 447 449 483
3 389 483 388
3 483 386 388
3 447 389 390
3 390 387 447
3 482 384 391
3 380 482 391
3 393 394 390
3 448 450 386
3 450 395 386
3 395 450 484
3 454 484 450
3 454 485 484
3 396 395 484
3 396 484 485
3 455 485 454
3 451 485 455
3 453 451 452
3 457 485 451
3 451 453 457
3 396 485 397
3 486 397 485
3 485 457 486
3 487 486 457
3 398 397 486
3 486 487 398
3 400 399 398
3 398 487 400
3 456 457 453
3 457 458 488
3 459 488 458
3 487 457 488
3 488 459 489
3 489 487 488
3 461 489 459
3 459 460 461
3 402 400 487
3 487 489 402
3 401 400 402
3 403 401 402
3 402 461 490
3 489 461 402
3 404 402 490
3 490 405 404
3 491 490 461
3 491 405 490
3 461 462 491
3 415 405 491
3 415 462 463
3 491 462 415
3 405 415 406
3 468 467 466
3 407 343 470
3 470 469 407
3 471 408 409
3 472 470 408
3 470 343 408
3 474 473 410
3 473 337 410
3 474 410 411
3 471 409 475
3 475 288 473
3 475 409 288
3 473 288 337
3 469 442 413
3 413 382 412
3 340 413 412
3 469 413 407
3 414 406 415
3 415 465 416
3 463 465 415
3 492 417 416
3 492 418 417
3 419 418 492
3 419 492 493
3 493 420 419
3 493 421 420
3 476 416 465
3 492 476 477
3 416 476 492
3 478 494 477
3 493 477 421
3 492 477 493
3 477 494 421
3 422 494 478
3 421 494 422
3 480 422 479
3 422 480 423
3 480 481 423
3 481 495 423
3 498 577 499
3 498 508 577
3 498 500 508
3 499 577 578
3 578 501 499
3 577 508 579
3 579 578 577
3 579 508 448
3 503 502 441
3 502 440 441
3 504 505 443
3 504 443 413
3 413 442 504
3 443 505 441
3 441 505 503
3 506 444 507
3 502 507 440
3 507 444 440
3 506 501 444
3 445 444 501
3 383 444 445
3 501 578 445
3 578 446 445
3 447 446 449
3 446 578 449
3 578 579 449
3 448 449 579
3 509 510 580
3 508 509 581
3 509 580 581
3 450 448 581
3 448 508 581
3 454 450 580
3 450 581 580
3 510 511 580
3 580 511 454
3 516 454 511
3 513 582 512
3 512 582 515
3 510 516 511
3 516 515 455
3 515 583 455
3 515 582 583
3 582 513 452
3 452 583 582
3 451 583 452
3 517 513 514
3 513 517 584
3 518 584 517
3 585 518 586
3 584 518 585
3 519 586 518
3 513 584 585
3 585 452 513
3 587 452 585
3 587 453 452
3 586 519 521
3 520 585 586
3 520 587 585
3 520 586 521
3 519 522 521
3 521 522 523
3 454 516 455
3 583 451 455
3 453 587 456
3 457 456 458
3 520 456 587
3 520 521 588
3 458 456 520
3 458 520 588
3 588 523 589
3 521 523 588
3 524 589 523
3 589 458 588
3 524 460 589
3 460 459 589
3 459 458 589
3 524 525 460
3 460 525 528
3 462 461 460
3 460 528 462
3 463 528 464
3 462 528 463
3 464 465 463
3 527 525 526
3 528 525 527
3 530 528 529
3 530 464 528
3 531 591 530
3 590 464 530
3 591 590 530
3 590 465 464
3 590 591 592
3 532 591 531
3 592 591 532
3 534 593 535
3 534 536 593
3 593 536 595
3 543 537 538
3 537 543 541
3 539 537 541
3 539 541 542
3 535 543 538
3 546 593 596
3 535 593 546
3 535 546 544
3 547 546 597
3 598 540 542
3 542 545 598
3 548 540 598
3 549 598 599
3 549 548 598
3 550 598 545
3 600 598 550
3 550 547 600
3 547 597 600
3 598 600 599
3 599 600 558
3 599 558 601
3 536 594 595
3 602 595 594
3 595 602 466
3 602 551 466
3 467 595 466
3 467 593 595
3 596 593 603
3 603 593 467
3 552 468 466
3 552 466 551
3 552 603 468
3 603 467 468
3 597 596 603
3 546 596 597
3 603 552 604
3 604 597 603
3 604 552 605
3 553 554 552
3 554 555 556
3 600 604 557
3 597 604 600
3 557 558 600
3 557 604 606
3 559 561 562
3 562 561 564
3 563 562 564
3 549 599 607
3 607 561 549
3 599 601 607
3 561 607 564
3 497 496 469
3 565 470 472
3 565 469 470
3 471 472 408
3 471 566 472
3 567 566 471
3 568 475 569
3 475 473 569
3 569 474 570
3 569 473 474
3 475 567 471
3 496 442 469
3 476 465 590
3 590 592 476
3 476 592 609
3 609 608 476
3 609 532 573
3 592 532 609
3 477 608 478
3 476 608 477
3 608 609 478
3 478 609 479
3 533 573 532
3 573 572 610
3 479 573 610
3 609 573 479
3 572 571 574
3 574 610 572
3 610 574 575
3 422 478 479
3 480 479 610
3 610 575 481
3 481 480 610
3 575 611 481
3 576 611 575
3 424 423 495
3 616 618 500
3 615 617 680
3 617 616 680
3 500 680 616
3 614 506 507
3 621 619 506
3 501 506 619
3 615 499 620
3 615 680 499
3 620 499 619
3 499 680 498
3 498 680 500
3 499 501 619
3 623 614 681
3 682 503 622
3 622 623 682
3 623 681 682
3 502 682 681
3 682 502 503
3 496 612 504
3 505 504 622
3 496 504 442
3 505 622 503
3 681 507 502
3 614 507 681
3 624 626 625
3 683 625 626
3 683 626 684
3 685 500 618
3 628 685 618
3 628 686 685
3 629 686 628
3 630 686 629
3 687 686 630
3 630 632 687
3 632 631 514
3 632 514 513
3 509 500 685
3 686 509 685
3 500 509 508
3 509 686 510
3 510 686 687
3 687 632 512
3 687 512 515
3 515 510 687
3 512 632 513
3 516 510 515
3 633 514 631
3 633 634 514
3 634 635 518
3 635 636 688
3 517 514 634
3 634 518 517
3 518 635 519
3 519 635 688
3 519 688 522
3 637 522 688
3 636 637 688
3 523 522 637
3 689 523 637
3 689 524 523
3 526 524 689
3 525 524 526
3 640 689 637
3 640 690 689
3 641 690 640
3 625 683 650
3 683 684 691
3 691 650 683
3 693 649 650
3 650 691 694
3 692 694 691
3 650 694 693
3 651 647 652
3 643 647 651
3 648 652 647
3 648 649 652
3 643 651 695
3 653 695 651
3 653 654 696
3 649 693 655
3 652 649 655
3 693 694 697
3 693 697 698
3 698 655 693
3 656 696 654
3 655 698 699
3 699 656 655
3 690 526 689
3 526 690 527
3 700 641 642
3 690 641 700
3 700 527 690
3 529 528 527
3 529 700 702
3 527 700 529
3 702 701 703
3 700 701 702
3 642 701 700
3 657 701 642
3 644 643 657
3 657 704 701
3 701 704 703
3 704 657 695
3 704 695 703
3 695 705 703
3 702 530 529
3 531 530 702
3 702 703 531
3 531 703 533
3 533 706 707
3 703 706 533
3 533 532 531
3 707 708 571
3 643 695 657
3 695 653 709
3 653 696 709
3 709 696 710
3 710 705 709
3 695 709 705
3 696 656 711
3 696 711 710
3 656 699 712
3 712 711 656
3 710 711 713
3 711 712 713
3 714 712 715
3 713 712 714
3 706 705 716
3 703 705 706
3 707 716 708
3 706 716 707
3 708 716 717
3 705 710 716
3 713 716 710
3 716 713 717
3 708 717 718
3 718 717 719
3 717 713 720
3 714 720 713
3 717 720 719
3 719 720 722
3 720 714 722
3 714 721 722
3 724 723 722
3 659 658 660
3 725 661 660
3 660 658 725
3 658 726 727
3 727 725 658
3 726 728 729
3 727 729 538
3 726 729 727
3 729 535 538
3 729 534 535
3 662 661 663
3 663 661 664
3 661 725 730
3 661 730 731
3 730 725 727
3 665 664 661
3 661 731 665
3 730 537 731
3 732 665 731
3 666 733 627
3 733 626 627
3 626 733 684
3 733 666 735
3 666 734 735
3 684 735 736
3 733 735 684
3 665 668 667
3 668 666 667
3 668 734 666
3 668 737 734
3 668 669 737
3 665 732 669
3 732 731 738
3 669 732 737
3 732 738 739
3 739 737 732
3 735 734 740
3 734 737 741
3 737 739 741
3 734 741 740
3 730 538 537
3 727 538 730
3 539 731 537
3 540 731 539
3 742 542 541
3 742 541 543
3 742 543 544
3 543 535 544
3 550 545 742
3 545 542 742
3 742 544 547
3 547 550 742
3 547 544 546
3 738 731 540
3 539 542 540
3 548 739 738
3 548 738 540
3 741 739 561
3 739 548 549
3 549 561 739
3 743 553 551
3 744 670 745
3 552 551 553
3 743 744 555
3 555 553 743
3 555 744 746
3 744 745 746
3 554 553 555
3 556 555 746
3 691 684 736
3 691 736 692
3 692 736 747
3 736 735 748
3 692 747 694
3 694 747 697
3 748 735 740
3 740 741 560
3 748 740 560
3 736 748 747
3 750 747 748
3 749 747 750
3 748 560 750
3 750 560 751
3 697 752 753
3 753 698 697
3 752 747 749
3 697 747 752
3 753 699 698
3 752 749 754
3 752 754 753
3 749 750 754
3 755 754 750
3 750 751 755
3 754 755 756
3 756 753 754
3 560 741 559
3 741 561 559
3 751 559 562
3 751 560 559
3 563 751 562
3 751 563 759
3 755 759 760
3 751 759 755
3 563 758 759
3 761 760 759
3 755 760 757
3 762 712 699
3 762 753 763
3 699 753 762
3 712 762 715
3 762 673 715
3 763 673 762
3 763 764 673
3 757 753 756
3 753 757 763
3 756 755 757
3 764 757 671
3 763 757 764
3 721 714 715
3 721 673 674
3 715 673 721
3 672 673 764
3 567 475 568
3 677 676 472
3 565 675 613
3 613 497 565
3 565 497 469
3 472 675 565
3 472 676 675
3 678 677 566
3 677 472 566
3 567 678 566
3 567 568 679
3 569 679 568
3 569 570 679
3 572 533 571
3 533 707 571
3 573 533 572
3 571 765 574
3 571 708 765
3 718 765 708
3 765 718 766
3 718 719 767
3 767 766 718
3 768 574 765
3 575 574 768
3 765 766 768
3 769 722 723
3 719 722 769
3 719 769 770
3 770 767 719
3 768 576 575
3 771 612 772
3 773 675 774
3 772 612 775
3 775 612 496
3 775 497 773
3 773 613 675
3 773 497 613
3 497 775 496
3 776 614 777
3 778 615 779
3 781 616 782
3 617 782 616
3 778 780 615
3 780 617 615
3 779 615 621
3 615 620 621
3 619 621 620
3 776 621 614
3 506 614 621
3 784 777 622
3 783 777 784
3 504 784 622
3 777 614 623
3 622 777 623
3 612 784 504
3 785 825 781
3 786 826 785
3 789 826 786
3 789 787 826
3 827 787 828
3 826 787 827
3 788 828 787
3 792 828 788
3 793 828 792
3 793 791 829
3 790 795 791
3 796 795 794
3 796 830 795
3 791 795 831
3 791 831 829
3 830 831 795
3 831 830 799
3 798 830 796
3 798 799 830
3 801 802 832
3 833 832 802
3 807 834 806
3 808 803 835
3 836 835 803
3 802 808 835
3 802 835 837
3 835 836 624
3 835 624 645
3 645 837 835
3 625 645 624
3 803 805 836
3 805 806 834
3 805 834 836
3 626 624 836
3 836 834 626
3 626 834 627
3 781 825 616
3 618 825 629
3 616 825 618
3 825 785 630
3 630 826 827
3 785 826 630
3 825 630 629
3 628 618 629
3 827 828 632
3 632 630 827
3 633 632 828
3 632 633 631
3 828 793 633
3 793 829 633
3 634 633 829
3 829 831 810
3 829 810 838
3 838 634 829
3 809 831 799
3 809 810 831
3 809 799 811
3 810 839 838
3 810 809 839
3 809 811 839
3 635 634 838
3 636 838 839
3 635 838 636
3 636 839 840
3 812 811 799
3 812 638 811
3 812 801 841
3 812 841 638
3 841 801 842
3 639 840 638
3 840 811 638
3 840 839 811
3 843 636 639
3 636 840 639
3 842 638 841
3 844 638 842
3 844 639 638
3 844 843 639
3 842 832 845
3 801 832 842
3 845 832 833
3 845 833 846
3 833 646 847
3 847 846 833
3 846 842 845
3 637 636 843
3 843 844 848
3 844 842 849
3 844 849 848
3 637 843 640
3 843 848 640
3 641 848 642
3 640 848 641
3 849 842 850
3 850 846 851
3 842 846 850
3 846 847 851
3 642 849 644
3 848 849 642
3 849 850 644
3 850 851 644
3 643 644 851
3 833 802 837
3 833 837 646
3 837 645 852
3 647 847 646
3 837 852 648
3 648 646 837
3 648 852 649
3 647 646 648
3 852 625 650
3 645 625 852
3 650 649 852
3 847 647 643
3 643 851 847
3 653 652 654
3 651 652 653
3 654 652 655
3 654 655 656
3 657 642 644
3 813 663 815
3 815 814 813
3 815 804 797
3 813 659 662
3 813 662 663
3 659 660 661
3 661 662 659
3 804 815 853
3 816 804 853
3 815 663 853
3 664 853 663
3 816 854 817
3 853 854 816
3 853 664 854
3 807 855 834
3 807 817 855
3 817 854 855
3 856 854 664
3 854 856 667
3 667 855 854
3 667 856 665
3 856 664 665
3 834 855 627
3 627 855 666
3 666 855 667
3 668 665 669
3 774 675 821
3 820 821 676
3 821 675 676
3 822 820 676
3 677 822 676
3 823 819 824
3 679 824 819
3 819 567 679
3 782 780 857
3 857 781 782
3 860 859 861
3 858 859 772
3 858 861 859
3 772 859 771
3 774 862 902
3 774 902 773
3 862 772 775
3 858 772 862
3 862 775 902
3 773 902 775
3 868 777 869
3 867 869 783
3 869 777 783
3 865 864 776
3 776 777 865
3 868 865 777
3 870 778 779
3 780 782 617
3 776 864 621
3 621 864 779
3 784 771 783
3 612 771 784
3 857 876 781
3 785 781 875
3 781 876 875
3 785 875 877
3 785 877 786
3 872 789 877
3 872 871 789
3 789 871 787
3 877 789 786
3 871 873 787
3 873 788 787
3 878 903 879
3 792 873 874
3 874 903 792
3 874 879 903
3 903 878 881
3 880 881 878
3 903 881 904
3 904 792 903
3 904 881 795
3 795 881 794
3 794 881 882
3 883 794 882
3 792 788 873
3 792 904 905
3 791 905 790
3 905 904 790
3 793 792 905
3 905 791 793
3 904 795 790
3 796 794 883
3 798 796 883
3 814 887 886
3 886 888 814
3 889 887 906
3 884 889 906
3 906 887 797
3 797 814 815
3 887 814 797
3 883 891 907
3 892 891 890
3 894 893 892
3 895 908 893
3 892 893 909
3 893 908 909
3 909 908 910
3 909 910 808
3 883 907 798
3 798 907 911
3 907 891 912
3 891 892 912
3 907 912 911
3 800 911 912
3 799 798 911
3 799 911 812
3 911 800 801
3 801 812 911
3 892 909 912
3 913 912 909
3 909 808 913
3 801 800 912
3 801 912 802
3 912 913 802
3 913 808 802
3 910 908 895
3 895 896 910
3 885 884 897
3 914 910 896
3 896 897 914
3 808 910 803
3 910 914 803
3 805 803 914
3 884 906 915
3 915 897 884
3 898 899 915
3 899 897 915
3 899 914 897
3 797 915 906
3 898 915 916
3 915 797 916
3 816 916 804
3 916 797 804
3 805 914 917
3 899 917 914
3 899 898 917
3 917 806 805
3 898 916 917
3 916 807 917
3 916 816 817
3 817 807 916
3 806 917 807
3 822 678 818
3 818 900 822
3 567 818 678
3 567 823 818
3 823 567 819
3 820 863 774
3 820 822 900
3 821 820 774
3 822 677 678
3 901 823 824
3 919 870 920
3 919 918 870
3 923 876 922
3 922 876 857
3 921 922 918
3 857 918 922
3 780 918 857
3 867 925 924
3 927 867 924
3 925 867 926
3 928 861 858
3 928 860 861
3 928 858 929
3 926 860 930
3 928 930 860
3 860 926 859
3 771 867 783
3 771 926 867
3 926 771 859
3 929 862 931
3 929 858 862
3 932 931 862
3 932 774 933
3 863 933 774
3 932 862 774
3 936 963 934
3 937 938 866
3 938 964 866
3 865 936 864
3 936 866 864
3 865 963 936
3 935 934 868
3 868 939 935
3 934 963 868
3 927 939 867
3 869 867 939
3 939 868 869
3 868 963 865
3 938 920 964
3 920 870 964
3 779 964 870
3 870 918 778
3 918 780 778
3 964 864 866
3 964 779 864
3 875 876 943
3 872 943 942
3 942 944 872
3 943 872 875
3 944 945 874
3 944 874 871
3 871 872 944
3 873 871 874
3 872 877 875
3 945 946 879
3 946 878 879
3 947 878 946
3 882 878 947
3 880 878 882
3 945 879 874
3 881 880 882
3 940 882 947
3 941 965 940
3 940 965 882
3 883 882 965
3 948 951 966
3 952 894 951
3 952 954 968
3 954 953 968
3 953 967 968
3 953 969 967
3 953 955 969
3 956 969 955
3 969 887 889
3 956 887 969
3 896 968 967
3 896 967 885
3 889 967 969
3 967 889 885
3 885 889 884
3 887 956 886
3 941 950 965
3 949 948 950
3 965 950 891
3 966 950 948
3 966 951 894
3 891 950 890
3 883 965 891
3 890 950 966
3 892 890 966
3 893 894 952
3 892 966 894
3 893 952 968
3 895 893 968
3 968 896 895
3 897 896 885
3 957 863 900
3 960 901 961
3 960 959 901
3 959 823 901
3 962 818 959
3 962 958 818
3 958 957 818
3 823 959 818
3 957 900 818
3 900 863 820
3 938 972 971
3 970 938 973
3 970 920 938
3 971 973 938
3 974 976 922
3 922 976 923
3 923 975 876
3 970 919 920
3 970 977 919
3 974 921 977
3 974 922 921
3 919 977 918
3 918 977 921
3 979 939 980
3 983 984 924
3 984 980 924
3 980 927 924
3 982 983 925
3 981 983 982
3 925 983 924
3 930 982 926
3 982 925 926
3 986 985 931
3 987 986 933
3 988 930 928
3 985 988 929
3 988 928 929
3 985 929 931
3 932 986 931
3 933 986 932
3 978 935 979
3 978 989 935
3 979 935 939
3 989 971 935
3 936 935 971
3 935 936 934
3 971 972 936
3 972 938 937
3 936 972 937
3 937 866 936
3 927 980 939
3 945 992 993
3 994 945 993
3 945 994 947
3 994 995 940
3 940 947 994
3 941 940 995
3 975 990 1005
3 1005 990 942
3 876 1005 943
3 975 1005 876
3 943 1005 942
3 944 942 991
3 942 990 991
3 991 992 945
3 944 991 945
3 946 945 947
3 1006 997 998
3 995 997 949
3 996 997 995
3 949 1006 948
3 997 1006 949
3 999 1006 998
3 995 949 941
3 950 941 949
3 951 1006 999
3 948 1006 951
3 999 1000 952
3 1001 952 1000
3 1002 954 1001
3 1002 1007 954
3 952 951 999
3 952 1001 954
3 953 954 1007
3 1007 955 953
3 863 987 933
3 987 863 957
3 958 1004 957
3 962 1004 958
3 962 959 1003
3 1009 1036 1008
3 1011 1038 1012
3 973 971 1011
3 1011 971 1038
3 1010 970 1013
3 1010 1037 970
3 973 1013 970
3 1008 976 1015
3 1014 1015 1037
3 1015 976 1037
3 1014 1037 1010
3 1037 976 974
3 974 977 1037
3 1008 1036 976
3 976 1036 923
3 923 1009 975
3 1036 1009 923
3 977 970 1037
3 1018 978 1019
3 1018 1012 978
3 1019 979 1017
3 1019 978 979
3 979 981 1017
3 984 981 979
3 980 984 979
3 1016 1017 981
3 1020 1016 981
3 1021 1020 988
3 1020 930 988
3 1020 981 982
3 1020 982 930
3 983 981 984
3 1023 1022 988
3 1023 985 1024
3 1025 1024 986
3 1024 985 986
3 1026 1025 987
3 1025 986 987
3 1023 988 985
3 989 978 1038
3 978 1012 1038
3 989 1038 971
3 1039 1027 1028
3 1009 1027 975
3 990 975 1027
3 990 1027 1039
3 1030 1039 1028
3 1039 991 990
3 1039 992 991
3 992 1039 1030
3 992 1030 993
3 1031 993 1030
3 994 1031 1040
3 993 1031 994
3 1040 996 994
3 996 995 994
3 999 998 1041
3 1042 1000 1041
3 999 1041 1000
3 1001 1000 1042
3 1001 1042 1002
3 1026 1004 1032
3 1032 1004 1033
3 1033 1003 1034
3 1004 1003 1033
3 1003 1004 962
3 1004 1026 957
3 1026 987 957
3 1035 1003 960
3 1035 1034 1003
3 1003 959 960
3 1043 1044 1012
3 1045 1043 1018
3 1043 1012 1018
3 1046 1008 1047
3 1008 1015 1047
3 1048 1049 1009
3 1046 1048 1008
3 1048 1009 1008
3 1051 1014 1010
3 1051 1047 1014
3 1051 1052 1047
3 1050 1051 1013
3 1051 1010 1013
3 1054 1050 1013
3 1054 1013 973
3 1053 1012 1044
3 1054 1011 1053
3 1012 1053 1011
3 1011 1054 973
3 1047 1015 1014
3 1056 1019 1016
3 1016 1019 1017
3 1056 1016 1057
3 1016 1021 1022
3 1021 1016 1020
3 988 1022 1021
3 1059 1058 1023
3 1059 1023 1024
3 1025 1026 1060
3 1060 1024 1025
3 1062 1027 1049
3 1062 1028 1027
3 1049 1027 1009
3 1030 1064 1029
3 1064 1030 1028
3 1030 1029 1031
3 1061 1032 1033
3 1060 1032 1061
3 1032 1060 1026
3 1063 1034 1035
3 1066 1079 1065
3 1067 1019 1068
3 1067 1055 1019
3 1069 1065 1055
3 1065 1079 1044
3 1043 1055 1044
3 1055 1065 1044
3 1055 1045 1018
3 1055 1043 1045
3 1070 1052 1071
3 1071 1052 1072
3 1047 1052 1070
3 1073 1075 1048
3 1070 1077 1076
3 1076 1074 1046
3 1070 1076 1047
3 1047 1076 1046
3 1048 1074 1073
3 1074 1048 1046
3 1078 1050 1079
3 1079 1050 1054
3 1051 1050 1072
3 1050 1078 1072
3 1051 1072 1052
3 1054 1044 1079
3 1053 1044 1054
3 1082 1057 1022
3 1022 1057 1016
3 1023 1082 1022
3 1019 1080 1068
3 1080 1019 1056
3 1055 1018 1019
3 1057 1080 1056
3 1058 1082 1023
3 1024 1060 1083
3 1061 1084 1060
3 1085 1033 1086
3 1063 1087 1086
3 1085 1061 1033
3 1086 1033 1034
3 1086 1034 1063
3 1062 1048 1075
3 1062 1049 1048
3 1088 1084 1089
3 1084 1061 1089
3 1090 1092 1066
3 1078 1066 1092
3 1090 1066 1069
3 1069 1066 1065
3 1091 1069 1067
3 1093 1068 1080
3 1093 1067 1068
3 1055 1067 1069
3 1095 1101 1096
3 1096 1101 1077
3 1100 1071 1092
3 1100 1099 1071
3 1099 1098 1071
3 1096 1070 1097
3 1096 1077 1070
3 1098 1097 1071
3 1071 1097 1070
3 1077 1101 1074
3 1101 1073 1074
3 1077 1074 1076
3 1078 1071 1072
3 1078 1092 1071
3 1078 1079 1066
3 1080 1102 1094
3 1080 1103 1102
3 1103 1057 1081
3 1103 1080 1057
3 1104 1082 1058
3 1104 1081 1082
3 1057 1082 1081
3 1059 1104 1058
3 1105 1104 1059
3 1024 1083 1059
3 1083 1105 1059
3 1084 1088 1060
3 1088 1083 1060
3 1089 1061 1106
3 1106 1061 1085
3 1107 1105 1083
3 1088 1107 1083
3 1107 1088 1108
3 1108 1088 1089
3 1108 1089 1109
3 1112 1114 1113
3 1115 1113 1110
3 1113 1114 1100
3 1100 1110 1113
3 1102 1116 1094
3 1090 1117 1111
3 1091 1090 1069
3 1091 1117 1090
3 1111 1110 1090
3 1110 1092 1090
3 1092 1110 1100
3 1091 1067 1093
3 1080 1094 1093
3 1123 1118 1119
3 1123 1096 1097
3 1119 1096 1123
3 1114 1118 1099
3 1118 1123 1098
3 1098 1099 1118
3 1114 1099 1100
3 1097 1098 1123
3 1120 1081 1121
3 1103 1081 1120
3 1121 1081 1104
3 1122 1104 1105
3 1106 1109 1089
3 1107 1124 1105
3 1109 1125 1108
3 1125 1109 1126
3 1127 1112 1128
3 1129 1112 1127
3 1112 1129 1114
3 1128 1115 1130
3 1128 1112 1115
3 1131 1111 1132
3 1131 1130 1111
3 1111 1115 1110
3 1130 1115 1111
3 1113 1115 1112
3 1133 1093 1116
3 1116 1093 1094
3 1116 1102 1134
3 1117 1133 1132
3 1117 1132 1111
3 1091 1133 1117
3 1091 1093 1133
3 1114 1129 1118
3 1135 1120 1121
3 1120 1134 1103
3 1134 1102 1103
3 1122 1135 1121
3 1104 1122 1121
3 1124 1122 1105
3 1137 1136 1124
3 1136 1122 1124
3 1140 1137 1124
3 1138 1140 1139
3 1108 1140 1107
3 1108 1139 1140
3 1140 1124 1107
3 1139 1125 1141
3 1125 1139 1108
3 1143 1131 1144
3 1145 1146 1128
3 1128 1146 1127
3 1145 1128 1142
3 1128 1130 1142
3 1142 1130 1143
3 1143 1130 1131
3 1132 1144 1131
3 1144 1133 1147
3 1144 1132 1133
3 1133 1116 1147
3 1148 1147 1116
3 1116 1149 1148
3 1134 1149 1116
3 1150 1120 1135
3 1150 1149 1120
3 1149 1134 1120
3 1122 1136 1135
3 1151 1150 1135
3 1152 1151 1135
3 1153 1155 1154
3 1152 1137 1153
3 1152 1135 1136
3 1137 1152 1136
3 1153 1137 1155
3 1156 1139 1157
3 1155 1138 1156
3 1155 1140 1138
3 1156 1138 1139
3 1155 1137 1140
3 1157 1139 1158
3 1158 1139 1141
3 1160 1162 1159
3 1160 1142 1162
3 1160 1145 1142
3 1162 1142 1168
3 1163 1162 1168
3 1163 1168 1161
3 1144 1168 1143
3 1168 1142 1143
3 1164 1169 1145
3 1146 1145 1169
3 1165 1170 1166
3 1161 1147 1165
3 1170 1147 1148
3 1165 1147 1170
3 1147 1168 1144
3 1147 1161 1168
3 1167 1166 1170
3 1167 1170 1148
3 1167 1148 1149
3 1167 1149 1150
3 1174 1173 1150
3 1176 1175 1151
3 1174 1150 1175
3 1175 1150 1151
3 1177 1176 1151
3 1178 1151 1152
3 1177 1151 1178
3 1190 1179 1178
3 1179 1190 1180
3 1180 1154 1181
3 1180 1190 1154
3 1190 1178 1154
3 1178 1153 1154
3 1153 1178 1152
3 1181 1154 1156
3 1191 1183 1181
3 1181 1156 1191
3 1156 1154 1155
3 1191 1156 1157
3 1184 1186 1159
3 1186 1192 1159
3 1164 1160 1192
3 1159 1192 1160
3 1160 1164 1145
3 1185 1163 1187
3 1188 1187 1163
3 1188 1163 1161
3 1185 1159 1162
3 1184 1159 1185
3 1185 1162 1163
3 1189 1188 1165
3 1171 1189 1165
3 1165 1188 1161
3 1171 1166 1172
3 1171 1165 1166
3 1172 1166 1167
3 1167 1173 1172
3 1150 1173 1167
3 1197 1194 1189
3 1197 1189 1171
3 1196 1207 1195
3 1196 1197 1207
3 1197 1171 1207
3 1172 1207 1171
3 1195 1207 1198
3 1172 1198 1207
3 1173 1198 1172
3 1199 1198 1174
3 1199 1174 1175
3 1198 1173 1174
3 1201 1209 1202
3 1202 1209 1208
3 1209 1201 1180
3 1203 1202 1208
3 1182 1209 1181
3 1208 1209 1182
3 1204 1175 1176
3 1204 1199 1175
3 1204 1176 1177
3 1204 1210 1200
3 1201 1210 1179
3 1200 1210 1201
3 1177 1210 1204
3 1210 1177 1178
3 1201 1179 1180
3 1179 1210 1178
3 1181 1209 1180
3 1205 1184 1206
3 1205 1211 1184
3 1206 1184 1185
3 1211 1186 1184
3 1212 1193 1206
3 1206 1185 1212
3 1212 1185 1187
3 1194 1193 1189
3 1189 1212 1188
3 1193 1212 1189
3 1212 1187 1188
3 1215 1230 1216
3 1217 1230 1215
3 1213 1219 1214
3 1217 1218 1230
3 1218 1231 1230
3 1231 1219 1194
3 1218 1219 1231
3 1231 1194 1197
3 1219 1193 1194
3 1223 1221 1200
3 1222 1221 1223
3 1230 1224 1216
3 1230 1196 1224
3 1224 1196 1195
3 1224 1195 1221
3 1197 1230 1231
3 1196 1230 1197
3 1221 1195 1198
3 1232 1198 1199
3 1221 1198 1232
3 1232 1200 1221
3 1225 1233 1226
3 1227 1226 1233
3 1225 1223 1233
3 1223 1200 1233
3 1227 1233 1228
3 1228 1233 1201
3 1201 1233 1200
3 1229 1228 1234
3 1228 1201 1202
3 1202 1234 1228
3 1234 1202 1203
3 1200 1232 1204
3 1232 1199 1204
3 1219 1213 1206
3 1213 1205 1206
3 1219 1206 1193
3 1235 1251 1236
3 1237 1236 1251
3 1239 1237 1238
3 1238 1240 1239
3 1235 1241 1251
3 1242 1251 1241
3 1242 1241 1252
3 1242 1252 1253
3 1252 1254 1253
3 1255 1253 1254
3 1255 1213 1214
3 1243 1251 1215
3 1243 1237 1251
3 1242 1253 1251
3 1215 1253 1217
3 1251 1253 1215
3 1243 1215 1216
3 1240 1243 1216
3 1253 1255 1218
3 1218 1217 1253
3 1214 1218 1255
3 1218 1214 1219
3 1245 1240 1256
3 1239 1240 1245
3 1244 1246 1245
3 1220 1244 1245
3 1245 1256 1220
3 1220 1256 1221
3 1249 1247 1257
3 1247 1248 1257
3 1248 1244 1220
3 1248 1220 1222
3 1220 1221 1222
3 1248 1222 1225
3 1225 1257 1248
3 1223 1225 1222
3 1240 1216 1256
3 1224 1256 1216
3 1256 1224 1221
3 1249 1257 1226
3 1226 1250 1249
3 1250 1226 1259
3 1259 1258 1250
3 1227 1259 1226
3 1258 1259 1229
3 1257 1225 1226
3 1259 1227 1228
3 1228 1229 1259
3 1262 1261 1260
3 1262 1270 1263
3 1271 1270 1262
3 1263 1270 1264
3 1264 1270 1265
3 1270 1272 1265
3 1274 1273 1272
3 1266 1269 1267
3 1236 1269 1268
3 1269 1236 1237
3 1268 1235 1236
3 1267 1276 1260
3 1267 1269 1277
3 1267 1277 1276
3 1260 1276 1278
3 1278 1262 1260
3 1276 1277 1279
3 1276 1279 1278
3 1277 1269 1239
3 1269 1237 1239
3 1238 1237 1243
3 1277 1239 1279
3 1238 1243 1240
3 1262 1278 1280
3 1280 1271 1262
3 1278 1279 1246
3 1278 1246 1280
3 1271 1280 1281
3 1270 1271 1281
3 1244 1281 1280
3 1245 1279 1239
3 1245 1246 1279
3 1280 1246 1244
3 1270 1281 1274
3 1274 1272 1270
3 1274 1281 1282
3 1247 1275 1282
3 1275 1274 1282
3 1281 1244 1248
3 1248 1282 1281
3 1282 1248 1247
3 1275 1247 1249
3 1275 1249 1250
3 1284 1290 1285
3 1284 1283 1290
3 1286 1285 1261
3 1285 1266 1260
3 1261 1287 1286
3 1262 1287 1261
3 1261 1285 1260
3 1288 1262 1263
3 1288 1287 1262
3 1263 1264 1288
3 1288 1264 1289
3 1290 1291 1266
3 1266 1285 1290
3 1269 1291 1268
3 1269 1266 1291
3 1267 1260 1266
3 1293 1283 1294
3 1294 1284 1292
3 1292 1284 1295
3 1294 1283 1284
3 1286 1296 1295
3 1297 1286 1287
3 1296 1286 1297
3 1295 1284 1285
3 1285 1286 1295
3 1289 1287 1288
3 1300 1299 1301
3 1299 1298 1292
3 1301 1292 1295
3 1299 1292 1301
3 1296 1301 1295
3 1300 1303 1299
3 1303 1302 1299
3 1300 1304 1303
